2.050914314784741954e-01 2.175935032613331543e+00
1.436166592182348989e+00 1.028214595301458978e+00
1.080507105698631287e+00 2.770656646192747985e+00
-7.638961690868328880e-02 2.170563673910681501e+00
2.508048585820012555e+00 3.303013818728631978e+00
1.459605339557296100e+00 8.785288668725185213e-01
-2.792012354281037112e-02 1.699662737250046796e+00
4.930826451032657154e-01 1.562325999689292200e+00
1.309749952015421215e+00 1.924936145053121050e+00
1.328091432563260010e+00 1.355874362855101101e+00
2.727489122714370939e+00 1.578797519261360138e+00
2.742032654948650894e+00 6.881324661967281875e-01
1.946330249159538450e+00 1.856809722467548607e+00
1.062421535889263469e+00 3.590982808973943730e-01
5.547147310910134355e-01 1.830323099580809743e+00
2.461350124138838691e+00 1.745259875609357803e+00
2.834988332078314244e+00 1.728217228459743682e+00
1.385016774601223855e+00 1.550653597676272755e+00
2.310206470626853026e+00 2.687414633162846567e+00
-2.848019620503461358e-01 1.858688921597723365e+00
1.629970642900804956e+00 2.429266457040351934e+00
1.848512384764316341e+00 8.816973030497524677e-01
-1.327443772505441100e-01 1.609578239448932191e-01
-6.799499706872360605e-01 3.585185405056070085e+00
1.542089583978003997e+00 1.228942080952748261e+00
1.329607701045246282e+00 1.577672560653812006e+00
1.578691905696204767e+00 5.239792242970127134e-01
1.956543829398023071e+00 9.748665152035960180e-01
1.973521353131199252e+00 1.494189201291755476e+00
2.223225573428944113e+00 1.773147441638258437e+00
-1.142964156579422408e-01 1.006741022878074876e+00
2.290960662096586553e+00 1.594958121072564960e+00
2.027910115850096062e+00 1.107473019646764145e+00
2.296074531003608143e+00 8.067272800107971875e-01
2.552360797482638777e+00 1.453870151042526704e+00
6.657261053992001854e-01 2.050901016615160888e+00
1.705292510288632268e+00 8.387773092856590784e-01
-5.896491305559345975e-01 2.092804905033636143e+00
2.164629177677080296e+00 1.650298708635056677e+00
2.610508123793697788e-01 9.656289914279839737e-01
2.197813726534792345e+00 5.579230279283337035e-01
6.496611282606141735e-01 8.255017917861445786e-01
2.595607550004196185e+00 6.534769416120284058e-01
7.707136354880650408e-02 1.653974496431872332e+00
2.684805330031529103e+00 2.466324447338934522e-01
2.049261137479747585e+00 2.194769107668493646e+00
8.997498511498600582e-01 1.360674743463275771e+00
1.532132221578634157e+00 1.429844858621906578e+00
5.321117333277437522e-01 2.850668226430857821e+00
-2.708794044928659606e-01 8.024029346886903946e-01
1.209440747387831250e+00 2.822166858931226763e+00
4.827420120935508319e-01 2.602976491531920011e+00
1.035069704458843498e+00 6.668458982551566105e-01
-3.650660997274512987e-02 2.465099730931120003e+00
2.978222479779346621e-01 1.495215761728512005e+00
1.421505532222018031e+00 2.129113711904119022e+00
5.796000756231043383e-01 2.215246617324108325e+00
1.658543186565505145e+00 1.814935967396780647e+00
2.783983449219171735e-01 2.713142712080112595e+00
1.879342687112804944e+00 1.699996441170821049e+00
2.038943401914319331e+00 -8.684162728649780227e-01
1.949444740155118927e+00 3.846852319467231496e+00
6.092417401498684271e-02 2.012294946076636393e+00
3.145920698978060592e+00 1.477201496629863220e+00
1.344611572907669528e+00 1.863142820874513994e+00
1.162417002882462302e+00 3.101576853428600344e+00
2.182182854161971441e+00 1.058184009431596850e+00
2.280512408489594467e+00 3.382289989724167611e-01
1.145982521831461654e+00 3.731584998742469850e-01
2.018090918703699277e+00 1.746781001173001613e+00
1.013637350928439318e+00 1.389111529553547220e+00
3.375547388658983738e-01 1.303924863591798822e+00
-2.769717728391627443e-01 7.762558748058332458e-01
1.298770209267657849e+00 1.136993734358906494e-01
1.109318449607416879e+00 1.476192818131394580e+00
6.117161201112029101e-01 3.320938217743649279e+00
6.365373290029954223e-01 1.013545413563309738e+00
-3.939316054870076744e-01 3.119873436943811473e+00
2.543307935019072819e+00 -6.887265665589152874e-01
1.915146134096334496e+00 1.368493126504081614e+00
2.346597590834107905e+00 -4.791568346051164884e-01
2.110662337500339714e-01 5.878705663960642758e-01
2.114277746315204709e+00 1.899167665862292687e+00
3.634569264189377868e-01 6.967727810846990888e-01
1.110637324704269568e+00 1.697481814989510784e+00
3.247827172550480590e+00 1.589735898126225511e+00
1.640759752016638373e+00 1.821082905298897270e+00
1.390547831704056714e+00 3.202868341215324044e+00
2.169420717358620188e+00 1.162337832135366344e+00
1.509561007914156816e+00 1.424843304646216779e+00
3.057770351467739900e+00 -6.792578305600298627e-01
2.341353818000178943e+00 1.938390903141917088e+00
1.043263278065974742e+00 4.862467343530056940e-01
1.241921161804329543e+00 6.821589202954528863e-01
2.131800554831165595e+00 6.943850654870907801e-01
5.109160707463408890e+00 1.280858022423401188e+00
6.639287583830059125e-01 8.440739648254707017e-01
9.516142914522169871e-01 1.996144932987969911e+00
2.220422600263990631e+00 1.811189462271895811e+00
8.146922941115412042e-01 1.350530887197807894e+00
2.100256050784779838e+00 3.179765298160601716e+00
6.608653601436393910e-01 2.313065627141113634e+00
1.552412893517035153e+00 7.076430417808918794e-01
8.321811415633088016e-01 3.439328788857970665e+00
2.016685014262642461e+00 7.638299211458072779e-01
1.223909907855057044e+00 1.607450174725287617e+00
1.378813229803124596e+00 4.723690384652448060e-01
4.422395919557013944e-01 2.109108819511160249e+00
1.053159118363397484e+00 4.442980220333168084e-01
2.393094509842830675e+00 1.434291997045216149e-01
1.550681802287588340e+00 1.140452093633968822e+00
1.871360820804262914e+00 1.824396513282173116e+00
-2.132609476371820634e-01 2.373958057685164214e+00
1.406371950457852460e+00 1.407837139707417418e+00
3.866818183001727416e+00 9.864795273745063930e-01
1.407140430929606945e+00 1.832124667707791588e+00
1.643234493345167246e+00 7.238569315529667092e-01
2.042816077292961108e+00 1.549690687347749618e+00
-2.668492666626729459e-01 2.408395705163072442e+00
8.980299045395661039e-01 2.450355275597918325e+00
1.706736884709672664e+00 2.622080869425343241e+00
-5.361399103113972942e-01 1.004368735076574204e+00
5.046154488611763744e-01 1.019177773299546619e+00
2.874848046151719849e+00 1.066070154226679056e+00
3.832308724148151491e+00 4.634258098050989538e-01
1.689066503775555228e+00 2.256226547488090262e+00
6.545823227786845555e-01 1.664823288780007848e+00
2.593051375376496992e+00 2.900765933290588627e+00
2.985257920283804989e+00 2.679710486219292420e+00
9.059434951927358703e-02 2.535351239848538274e+00
1.102717410759052052e+00 7.940413544362752152e-01
7.239960061551243831e-01 9.724041773158876856e-01
9.928027960430751975e-01 -6.681332689204086961e-01
2.149063251502451699e+00 2.760952982902917352e+00
2.643952745645510305e+00 2.177432050635694338e+00
2.047213068483136666e+00 1.514624582694385380e+00
2.982601173798777872e+00 1.923442054807359192e+00
2.183109524205203655e+00 7.925093288350972820e-01
1.068990010946549329e+00 3.644107416651800602e-01
1.463679525060753273e+00 2.075290698637823894e+00
8.828643767410611076e-01 3.218420619978960229e+00
1.887074439320568509e+00 3.542242273730693558e-01
2.538461466655190790e+00 7.607934263417697185e-01
1.792491031028194293e+00 1.473756727256850585e+00
3.330432050120024634e-01 1.362902624053348166e+00
1.561568384001494669e+00 1.166627759249109886e+00
2.903812861775525889e+00 1.612328363808277043e+00
3.497155777925868403e+00 7.092726716567260281e-01
1.011273133203999475e+00 1.418326589616983435e+00
1.912646073240872102e+00 1.886389134095199482e+00
3.043415684384809250e+00 2.634362461779989673e+00
1.133730442953375661e-01 9.284414373256443254e-01
2.436834597697740357e+00 1.041250627820239805e+00
1.493756677201607985e+00 1.347604509601971090e+00
1.235660479309372617e+00 1.196807503352492974e+00
1.806795626640657293e+00 1.674896730669546585e+00
3.081016653220891577e-01 3.322117100965849890e+00
2.295576420013391683e+00 3.503759906467668550e+00
6.361749016479368857e-01 3.012203306520780721e+00
3.513504359168126978e-01 1.210779721186839186e+00
1.368936619382632447e+00 3.413475106572274598e-01
3.121988178939590242e+00 2.852056059364993068e+00
9.573172533931715300e-01 1.181677656883474370e+00
1.575863055501561805e+00 2.586745400294435004e+00
6.209681512775875323e-01 1.803651048640654508e+00
9.338572599317982448e-01 1.785336881427861178e+00
3.885222712182310190e-01 1.192904789299463530e+00
1.561286657990059501e+00 1.041884293018566998e+00
7.849353462385406655e-01 1.609105165660090542e+00
5.290869213250692926e-01 2.891451270816518537e+00
9.386115992073291725e-01 2.960184064509037150e-01
1.805978783271891430e+00 2.125976588302522341e+00
2.382860006871192482e-01 2.448494383111741168e+00
7.805064456763917136e-01 -8.289384554079721745e-01
1.228435729849408187e+00 2.745058746361606516e+00
1.027698299015604499e+00 2.159081556661424539e+00
9.561121396067279177e-01 9.275762713180205621e-01
2.712772230712477750e+00 6.205218917096089193e-02
1.192214349478712965e+00 6.069591716844903173e-01
2.538706898064918782e+00 -8.873608160152626212e-01
3.442902766038214324e+00 1.881718341566113173e+00
1.226530563376836636e+00 1.082231665911856044e+00
1.893451158954930769e+00 1.309065072402742613e+00
7.485848209351605442e-01 1.408642678967346740e-01
2.293230356996711627e-02 2.398707398222251985e+00
7.157899990117279065e-01 1.091241544076588577e+00
8.342199409495240081e-01 2.562237287400832120e+00
2.262408722875402844e+00 1.038699316938227479e+00
1.029954132980590575e+00 1.656333310977561313e+00
1.778325246433174467e-01 1.623928480328624246e+00
9.993171932029886184e-01 1.631533038518797607e+00
1.462690995614130074e+00 5.833462242989215785e-01
3.079807714128450336e+00 7.392834656100863988e-01
2.261875566168364049e+00 1.550450836128016041e+00
2.597847073657981731e-01 2.365549454206451685e+00
1.923431625610927842e+00 1.118260154185347854e+00
1.962973349579064219e+00 2.761069070647051316e+00
1.437104507573101486e+00 3.115846323310928589e+00
2.487389533022895893e+00 1.625119912098943020e+00
-2.362319838345878775e-01 -6.661292366043407576e-01
1.520699215698580575e+00 1.242769813455964822e+00
1.989192014145771514e+00 4.030464640178190727e-01
4.319521998857281275e+00 3.643914269403079054e-01
1.716023222072707188e+00 1.607050613447897680e+00
1.121371836899456520e+00 2.151336380964460560e+00
6.524361223180489278e-01 6.074292725446397423e-01
1.815199969893071863e+00 3.273992488663996170e+00
2.945032615150549482e+00 2.820816971329215939e+00
3.700582926044272636e+00 1.650262351654615101e+00
-2.559691478657248886e-01 2.703392771714665965e+00
2.726226281023018672e+00 2.238078798511008660e+00
2.160050039151567347e+00 1.797974761766777174e+00
2.274526928098789647e+00 8.751003596460120715e-01
1.562389439590186946e+00 1.418963997668575505e+00
2.644966361529093035e+00 2.605337808668382493e+00
2.790990423757774952e+00 1.390821396834795776e+00
8.952585915986734921e-01 2.038041499611290330e+00
4.553866480258383920e-01 1.013679525146369498e+00
1.446883939245039885e+00 1.641557530826660782e+00
1.440768102620437752e+00 8.555372832300630614e-01
3.143659922610451574e+00 1.440940224409413606e+00
3.114957696559693012e+00 7.354842700557484569e-02
3.209350099156573322e+00 2.232621705313397875e-01
1.437077304585274717e+00 2.322329552525749463e+00
1.528406556553308038e+00 1.715996797099234250e+00
2.684537298049065157e+00 1.572068872361229275e+00
3.490555697626097409e+00 2.553526350739031336e+00
1.392800052666189892e+00 3.373203067809522615e-01
1.897074545648815391e+00 1.085791155743569991e+00
4.476266683537317714e-01 1.649089601804724303e+00
-9.664922892621286010e-01 1.419453849802012391e+00
1.416505335438592361e+00 3.148873874809514639e-01
-2.653633566264577137e-01 2.143975068242516269e+00
4.124471660268478335e-01 2.127360195077120597e+00
2.564940481488305224e+00 3.090918981532595478e-01
-3.817652448952757460e-02 9.423080972561267421e-01
6.966492767260366037e-01 9.173666695772737523e-01
2.438779077984356558e+00 3.524970996928889821e+00
2.645118537293400074e+00 1.450156322064813041e+00
9.898451695337878720e-01 1.549723527633891873e+00
1.540667771500852101e-01 1.374845902918663487e+00
-1.207229933291627866e+00 7.557334098385222187e-01
1.408084488742345819e+00 8.101509797959848269e-01
2.738051976212403815e+00 3.602667040203316517e+00
1.911707372623009382e+00 2.529658535246729123e+00
2.719765230315239535e+00 1.390406137555519006e+00
-3.758456593054910755e-01 2.897122388311078822e+00
8.145361311024910123e-01 1.776179832024610050e+00
8.110433797727331084e-01 2.285823273849997950e+00
3.453712569831493440e+00 2.392283971076895721e+00
1.987181615947648528e+00 2.696804367841158623e+00
3.952331509986495295e-01 1.950078511653450475e+00
2.106713237963719898e-02 1.129215493571708917e+00
3.756889162391867654e+00 -3.431809585732397139e-01
1.071819338118245923e+00 3.329274985034546219e+00
1.597412318284863852e+00 1.828007463044794445e+00
4.524685029834456529e-01 2.346427931540837175e+00
8.596356626268376599e-01 1.176673112801303267e+00
-4.005993984199744951e-01 -1.080754360609392783e-01
3.261938809173603460e-01 -9.694943316567705693e-01
2.438153135404768079e+00 2.295974213366074768e+00
1.886740226820907473e+00 1.222031332939037762e+00
3.136817912528641727e+00 6.063145750432978875e-01
2.216540323565627801e+00 1.719714108122234908e+00
1.641816347896552619e+00 -1.305515704948755573e+00
6.007574092778332764e-01 7.470957827582179744e-01
2.784789374967576947e+00 2.856606407393401437e+00
1.529987780730811320e+00 5.241042437471773452e-01
2.521897225586183566e+00 2.132287041074667489e+00
2.017099898367987976e+00 1.268763635321849215e+00
3.259211255666408569e+00 7.768587907484132415e-01
1.036779165632112143e+00 1.015313281979949078e+00
7.915430057406227515e-01 1.486944284931414728e+00
2.355057914243321449e+00 1.562793596196589974e-01
1.756586175015736773e+00 2.937144737300682262e+00
1.919639186358435001e-01 3.790447181373264307e-01
-3.186519262531128938e-02 7.381514284072637766e-01
1.951718398058269521e+00 2.002030021325575504e+00
1.440449048132678156e+00 1.778609157164735111e+00
1.349174448616559774e+00 2.811337759581812534e+00
1.324775733723592364e+00 2.415919440858312228e+00
1.037761733049020307e+00 1.641544599194205256e+00
1.886830412739831431e+00 -1.261955927996991189e+00
2.589005778664223101e+00 1.123535172494487977e+00
1.656577773002533949e+00 -1.879867461010193974e-01
1.705709746300360319e+00 1.947716829130275773e+00
9.956961479824273376e-01 1.916964787444927598e+00
-3.095615737175663185e-01 1.246549954468896271e+00
1.227789285120021834e+00 1.744912920482090790e+00
3.641735491956205273e+00 1.246013487612226633e+00
3.008606904190398001e+00 3.110795687797112130e-01
2.335168426467267633e+00 1.418605051495432257e+00
1.322490067901213262e+00 2.295210744497345523e+00
1.711341698818678703e+00 6.330194108383739859e-01
-7.428735579865399785e-01 1.789527334408811621e+00
2.358405210554698872e+00 9.287986730779320688e-01
7.309168796842482330e-01 2.938161072240164540e+00
5.796398935360281834e-01 1.863997204251673923e+00
1.289304280754899334e-01 1.461386038664514553e+00
2.009476353218306866e-01 1.512443973615274162e+00
-3.797573151662250179e-01 -1.362381652099057039e+00
1.972329187707789089e+00 2.501686112394428729e+00
1.805000020054175369e+00 8.219061579016559982e-01
2.065865402554061703e+00 1.318905021901044305e+00
3.886086477343309920e+00 1.473876620209928268e+00
-1.215141206735050883e+00 1.093222753537296699e+00
1.643533018185369121e+00 3.223566465727951247e+00
1.850942022071388138e+00 2.718926187934280758e+00
-7.788120033879395443e-01 2.135869827395709741e+00
1.155669315785819773e+00 2.269911259365704925e+00
3.472868205472059433e-01 1.785618376629144244e+00
1.808903671070974495e+00 3.010799652796444903e+00
1.530472202278519989e+00 1.900971565205408664e+00
-3.337566772602515996e-01 1.411486463071364161e+00
1.846590217091502728e+00 5.531386910578698357e-01
1.435545707416979511e+00 -3.196444112149698924e-03
2.474199687039896567e+00 7.792229149913710851e-01
2.311400110336874647e+00 2.132180945145547124e+00
1.353296466102523965e+00 2.083152170615737209e+00
2.238687007041754384e+00 1.904451437356140531e+00
2.404424415927189695e+00 2.452913929821276540e-02
-1.113556475881155805e+00 -3.792113628250075585e-01
1.271160933487167410e+00 8.134540555539115925e-01
9.426718587177792541e-01 8.231338707013972078e-01
3.039143049384994910e+00 9.492384935345538066e-01
1.653681917451560457e+00 1.633979040116101400e+00
2.157293773000938941e+00 2.258530179431390561e-01
6.342343133339110040e-01 1.362268189691536291e+00
1.076798483030332099e+00 -4.082163846903674731e-02
1.889185934764509467e+00 3.511195341646471402e-01
1.744649322478006859e-01 2.486754815753480674e+00
1.535389048706728543e+00 6.783969443658690590e-01
7.553086803982261843e-01 2.873917713688662889e+00
1.510506174609502761e-01 -7.943748364769254167e-02
5.907835670139462980e-01 8.138868527515026319e-01
1.680288798351017077e+00 1.455053585560402318e+00
1.636994383209447568e+00 9.152290842830451689e-01
1.525482446493921396e+00 1.060644452012844186e+00
1.573499212105078371e+00 1.753185967553672064e+00
1.692326707666225616e+00 -1.329467877668613518e+00
2.651326394829450095e+00 3.894849355693359882e+00
2.051947846939745634e+00 8.882014128217924354e-01
1.033985499229593152e+00 2.402926685828339348e+00
2.133982437981455149e+00 1.001944237708133123e+00
2.069207534749892829e+00 1.534163039220553859e+00
1.186238958927717135e+00 1.255890742977802566e+00
4.358046036217411157e-02 4.234669986317047830e-01
1.337689836398448628e+00 1.253172625908950177e+00
1.465865123763417044e+00 2.049409143279472545e+00
2.486957850068246767e+00 2.032807945859974375e+00
1.552193383304600216e+00 -1.262936236488574337e-01
1.935582730584936684e+00 1.894204928871257021e+00
1.734080317511508706e+00 1.407782592233284724e+00
2.980406910133510667e+00 2.612915341324177465e+00
3.019659424684613125e-01 2.629935875149627122e+00
-5.243148131157173708e-01 2.436371127939830128e+00
3.320123986976438957e+00 -1.006606785628609835e-01
6.290911094558552241e-01 1.448262929477697636e+00
1.181045332508025458e+00 2.032593935469207302e+00
3.104706873168772585e+00 3.738042809274568334e+00
1.743202690750303763e+00 1.339433937987888568e+00
2.169621943288820631e+00 -1.429757699424760720e-01
1.903410033672201074e+00 1.475109799576526770e+00
2.016123139190637126e+00 8.971265482896489951e-01
1.839116082512614714e+00 2.362683381797301418e+00
2.653035250544758750e+00 2.991771411794280855e+00
1.807154710137163667e+00 2.457095072018569581e+00
-5.992792963414763641e-01 2.909661173957837743e+00
1.912698165042242771e+00 3.330820432391083941e-01
2.136040490519890422e+00 1.454369032006340490e+00
1.793188784994439899e+00 1.359331021998037459e+00
1.566358672521688256e+00 1.849748771375738787e+00
2.686733329176349550e-01 1.285087223348590157e+00
3.193288091453023725e+00 2.893358097630938097e-01
8.874899486822839245e-01 1.015589285340702252e+00
1.878123682700692854e+00 1.288811171980038361e+00
1.643461267523156799e+00 1.430085662268941071e+00
1.698643171550816788e+00 2.497419630660203893e+00
9.582219176557814633e-01 1.799781836291186377e+00
1.782143160380917468e+00 8.060870155126185210e-01
2.048821288935171125e+00 4.597021210889833398e-01
1.339903977142522518e+00 1.723532702840830932e+00
2.442381216534006860e+00 -2.185727441658369408e-01
2.070863011305850598e+00 8.310590898673931859e-01
2.716918461433497356e+00 9.821486058086525972e-01
1.205179434508981462e+00 1.305920676502911881e+00
1.083262834609299841e+00 2.247060322440397329e+00
2.477454579564445147e+00 1.451670238610812902e+00
4.336037710153428648e-01 1.055370606844114434e+00
1.621006281160803475e+00 2.133240371067410379e+00
2.794688120285313548e+00 7.653958221133074780e-01
-7.757170364952341579e-01 1.763487941648887780e+00
2.160465833269376468e+00 1.490105166073826037e+00
6.761965133167758824e-01 2.014716111671658538e+00
4.150322101620214088e-01 1.431112548344588342e+00
1.966176711049874459e+00 2.264862288870125084e+00
1.313146842388378310e+00 8.905623370151986018e-01
2.055386263573822703e+00 -1.938243282939333678e-01
2.739459625515684671e+00 2.515299665757824599e+00
1.811380092769223848e+00 7.693691934659029341e-01
2.431936823998991581e+00 2.208411596022777257e+00
2.423635616919397773e+00 3.447876204823221880e+00
4.316283886384923996e-01 1.815011017897238732e+00
1.929743162036670068e+00 5.011547735449926044e-01
2.279684012875342169e+00 2.530372881796818518e+00
2.389752362416587950e+00 1.336224895512450495e+00
2.772113710224164862e+00 1.509832397201811283e+00
2.423433080447957355e+00 2.011729279139971904e+00
1.145630171218397164e+00 1.246712591798883274e+00
1.397868775493721127e+00 1.434315100735137127e+00
3.810711842474922229e+00 1.494358763075132268e+00
1.068596073240668964e+00 2.027108643948021260e+00
2.325392384459204820e+00 5.727134613491683401e-01
1.997406782949779913e-01 3.912890606047847442e-02
6.980316807523163636e-01 2.702216445890570640e-01
2.074899463125398746e+00 3.763482330023253386e-01
2.508059407972310417e+00 -1.597645996619971864e-01
1.292754380512853851e+00 3.306395851224737115e+00
2.172584811411438555e+00 1.124633836558075473e-01
1.650666566258897738e+00 1.093795089269026022e+00
3.498227253680379345e-01 2.125133873055819134e+00
1.029249496584770718e+00 1.605622978894073016e+00
2.565110422562158377e+00 1.962768863182790646e+00
1.195636062521021170e+00 -1.770503619995773548e-01
-2.971168290918917432e-01 6.718862541820990186e-01
1.866352095530427135e+00 1.340045231048131447e+00
-9.986526555077888112e-01 1.501020468188614343e+00
1.291375532876311016e+00 1.026518375437956543e+00
9.324722272896079911e-01 1.806646866426898423e+00
1.246899317154329001e+00 2.077846464396607473e+00
9.833467755650513453e-01 6.171894822532302260e-01
1.707795960436747862e+00 2.239307148153596216e+00
1.693661300291954497e+00 2.756860175479917352e+00
2.222022233751256959e+00 -1.483699710627151003e-01
2.637350197071775426e+00 1.728983169590152080e+00
5.468811809114071387e-02 1.520235240569283164e+00
2.628353876344726281e+00 4.412642051472228655e-01
2.465478601700008099e+00 2.343451897761963387e+00
9.338780411225452438e-01 1.368050774335318076e+00
1.713730309285317555e+00 2.614136837838308303e+00
1.979228356657767751e+00 4.306715707980806052e-01
7.067775684844758155e-01 4.098347090781691904e+00
2.617589824058542902e+00 2.305151662899663556e+00
2.800699909060325954e+00 1.735347496364535003e+00
2.184878430623902634e+00 3.597322503586206643e-01
1.907940480668134375e+00 2.993446989195806651e+00
-4.972730619044134492e-01 2.403174449859144524e+00
6.629869663217412556e-01 5.918730768358743122e-01
1.584215933085545647e+00 1.568419041989714158e+00
1.592706958309271670e+00 2.484322430558168371e+00
8.898882727675868631e-01 1.427537755316356183e+00
1.050239384349964666e+00 2.939996190001312293e+00
2.173595042487217910e+00 -1.670939785289344837e-01
2.897416872869087001e+00 1.160163480640199696e+00
2.297170800432508653e+00 2.939701262837699947e+00
1.134253925382343375e+00 1.416588434402836771e+00
2.286772419147727220e+00 1.959571758669817809e+00
1.018755098036763673e+00 2.345799758233335197e+00
2.472452773820975835e+00 6.707779777505895602e-02
1.594846000375332640e+00 2.139367149760960540e+00
7.682882862950723979e-01 1.877169074129721560e+00
2.108468460251783139e+00 2.961134205678602083e+00
1.118121439324739619e-01 1.088693005383598145e+00
1.080217052330117777e+00 3.306009660132070316e+00
1.877955276136487939e+00 1.231104891342288843e+00
-7.497548724376494889e-01 1.684171014407632505e+00
1.627639373033764825e+00 2.024215352043054139e+00
2.228625067392969505e+00 1.582611762357818197e+00
6.401584620350566635e-01 8.143609130534887885e-01
-6.031138666077056065e-01 2.708440478345655045e-01
2.450121117530447812e+00 2.447994230893896006e+00
1.085995841839227483e+00 9.692812548195978151e-01
1.361928048223636445e+00 2.266162354530225187e+00
-2.112379981093626125e-01 1.308815141114353819e+00
1.914006587781105218e-01 9.407497021793235215e-01
2.166060852040279538e+00 2.646978963797260054e+00
-4.689325905311325648e-02 2.784133419799221798e+00
2.630127650110164694e+00 9.389135469624702024e-01
3.303113141354143689e-01 3.092757686658407223e+00
2.821615955757945660e-01 1.158138923980820856e+00
-9.158779570427610928e-02 2.024357413571488351e+00
2.378600720513345479e+00 1.251182286054106196e+00
1.175361875884714191e+00 2.555081936248384089e+00
8.657597019971130514e-02 1.703613484738367045e+00
3.038410115682366186e-01 1.241027354403314797e+00
1.982322042518340321e+00 4.676943459121953861e-01
3.210267744727754557e+00 1.750835321474459416e+00
-2.013432058615682863e-01 1.188721960750181328e+00
3.784746832264422878e-01 1.532265246871377551e+00
3.878290925527096533e+00 1.584304557935822810e-01
-5.011960189554551803e-01 1.960565484680999448e+00
5.113461691307519263e-01 1.974690166346731779e+00
3.655549124780753001e+00 8.561548708863558899e-01
1.011723033341053624e+00 3.421656211824378957e+00
1.885080121649284957e+00 -6.142429598695704485e-01
3.625702213767663551e+00 6.483307557176859470e-01
2.899322088401807829e-01 9.399926199745642919e-01
5.262150874875951567e-01 2.147183658908839110e+00
2.953696103679170903e+00 1.683519839916539640e+00
2.346007571234674849e+00 2.863807883774115659e+00
2.415924161140556858e-01 -1.742858188718728885e+00
3.551859844147623457e-01 7.382718496809415054e-01
-5.085627087829027726e-01 -2.710330186963410881e+00
3.809302465057811671e-01 4.593029046670556448e-01
5.344704590427027391e-01 2.135141948316010285e-01
5.493747457580114846e-01 1.776221356395282780e-01
2.856298770557463840e-01 1.162584894943315295e+00
-4.365009847432990142e-01 -8.608209519668175158e-01
1.724885295993420886e+00 1.181862585864027482e+00
1.265194865965672877e+00 -9.106413582900725334e-01
1.285388001915525324e-01 -1.006668014582712045e+00
-3.805654531564824361e-01 7.023228430371124542e-01
-2.039319790898707296e+00 1.853571564077228118e+00
-5.929606478463926578e-02 -1.967090606181975732e+00
-4.482972952482280338e-01 7.936603441823953942e-01
-6.778638957122741227e-01 1.283423140912433924e+00
-9.693981526739589016e-01 -7.196504585915708407e-01
-2.519332083246937359e-01 -6.134140976738682305e-01
-6.461454505125187042e-01 -9.542118687365866991e-01
2.505690603144000370e-02 2.178801457641397488e-01
5.103249648931436067e-01 1.496890443578886787e+00
-1.415673129802653918e+00 -9.565118355018897844e-01
-4.244381971927731478e-01 -7.137538389434320285e-01
1.049989799744328739e-01 4.308933731427556646e-01
-5.560653326605161650e-01 -7.098762525932177381e-01
4.950348118797118224e-01 1.030817206834448330e+00
1.048597952810162298e-01 -5.296419427091215715e-01
2.206494523694719767e+00 -4.937070582380750916e-01
-5.463949736210609309e-01 -1.870179869738006317e+00
-1.191882830802931892e+00 1.724800093751413854e+00
-8.524066624092505595e-01 -1.124729964656365544e+00
1.388821341191199377e+00 -1.627334710566783249e+00
-3.156521393163409517e-01 -4.000718406824642637e-01
-3.421844118934928569e-01 1.335329592879120231e+00
1.758629214858344669e+00 1.934489942825919240e+00
2.761733891667957908e-01 5.272267060554236551e-01
9.631529551645706677e-01 -9.209472103399941600e-01
1.191355040847988045e+00 -1.562855953743876647e+00
1.422364676541495010e+00 6.361526241237853707e-01
-1.262270937658012127e+00 5.239238863916007016e-01
1.076556485088706827e+00 -1.160308743157438371e+00
9.292700942307253742e-01 -2.735131063358429149e+00
-1.244337621316604414e+00 9.779403427516587810e-02
-1.661537521501974757e+00 -6.593895053731811950e-01
-1.635521111540753969e+00 -8.126810274085386476e-01
8.216826505817379500e-01 2.607243123773880789e-01
-4.089810579471154228e-01 1.639581645917737585e-01
-1.182835992324618335e+00 1.200659201596878223e+00
-3.194610691516706069e-01 3.587795127657200100e-01
3.040698000284480784e-01 1.801759922182884166e+00
2.219856506779877003e-01 2.625105968372664744e+00
-1.481957324798514053e+00 -7.619193691715984151e-01
-6.483886690134915698e-01 -1.407960179188862737e+00
-3.695447649226258346e-01 1.994291729507629674e+00
-6.475588290223505128e-01 -5.844258789255867281e-01
5.820661604071214468e-02 -1.454980367345388270e+00
-7.060264635022396318e-01 1.805561754522283513e+00
8.720046422521388063e-01 -6.867747685020507697e-01
7.884012454161209993e-01 -1.043470832519526770e+00
1.310674797666238733e+00 -1.756570217850441429e+00
1.035339567097073754e+00 -9.843416515426968161e-01
3.362014702798550858e-01 8.110109346186151758e-01
-5.105092058807455535e-01 -6.810885187240286465e-01
1.704350121907136084e-01 7.607125757421272505e-01
-5.160741814649063564e-01 -6.478484415911075489e-01
-9.507979659124689009e-01 3.605841168344094405e-01
1.353071677229865211e+00 -1.340912817744478680e+00
7.940281986663754177e-01 -5.596726882866924768e-01
-1.550332014453536522e-01 -2.684633874353732907e-01
5.869228688789123183e-01 1.418238489740197394e+00
1.157609289665727070e+00 -3.414505163626577189e-01
1.257754408892548081e+00 7.307485193562824888e-01
-3.488044491637306566e-01 -1.134621880663319704e+00
-1.575313339688031666e+00 3.597083846525624962e-01
1.480854493001652727e+00 -1.400461144989881834e+00
1.452172879895760715e+00 8.775759567046950149e-01
1.822527701170364667e+00 -9.677135343216405339e-01
-5.570869503985267368e-01 7.327332104501589338e-01
1.040476858516505843e+00 1.372238440197545151e+00
-1.459001222287931387e+00 -1.494418657068691036e+00
5.619552901827111757e-01 -3.301255705389707362e-01
-9.491016718535019159e-01 1.273973361160178897e+00
3.849655844906744173e-01 1.936146028941883868e-01
1.830285631143356184e+00 6.162118197971448996e-01
1.252685862493066571e+00 1.514579635908063493e-01
-3.829293678277887469e-01 -7.823628502816364350e-01
1.057007577722039349e+00 1.203413945019443210e+00
-1.001688211623782410e+00 -5.283640615150592135e-01
-4.725411311896402511e-01 9.667388385109000337e-01
-6.639618776426975399e-01 1.525617651866966185e-01
-7.405305935604006295e-01 -1.775129933510153496e-02
3.364687152832531725e-01 1.617105708427789335e+00
1.069201511981949515e-01 6.042953979644987150e-01
-7.121741331313943824e-02 -2.844921234027730228e-01
-1.179290573923015728e+00 5.484198794045722081e-02
-2.090816077812372026e-02 -9.266063248607039893e-02
-4.219051451761097332e-02 -7.624611927752356078e-01
-1.665081046236264628e+00 2.598683963912340467e-01
1.153944533172204912e+00 1.112043984492533610e+00
-4.169579172473956707e-01 2.017939850342815589e-01
9.777734010960881239e-01 1.148917119884156346e+00
-6.033077838865236187e-01 -9.328351840595684452e-01
4.107257268100637515e-01 2.071247370904452989e+00
-2.678546445830506592e-02 -2.447702369907819586e-01
1.223326919161837334e-01 -7.336207165784409678e-01
9.296331401553801221e-01 -9.726584775734866684e-01
-4.562648062240574620e-01 -8.479171634113394918e-01
-5.638187667793749247e-01 -7.367302598990435047e-01
-1.070230545409319056e+00 -9.243925022500537603e-01
1.628807522446130029e+00 -3.471147967813712487e-01
-5.279659807331459342e-01 1.015575123444615757e+00
1.205775920119580569e+00 2.219321864260587862e+00
1.109075816286157895e-01 -9.013618985352489510e-01
7.081822439732472496e-01 -3.201316661262689212e-01
5.524103283261609931e-01 8.025561652422491532e-01
-1.514697142845124467e-01 4.029884683311666382e-01
-6.215879112694187025e-01 -7.025121216182286243e-01
5.386886715863061781e-01 -1.717573074480346351e+00
-1.385349548274146247e+00 -5.709682953867248889e-01
4.744844181026326435e-01 -1.104226066104606829e+00
-1.839645034370963605e+00 2.080133716977376590e+00
-8.884506654449672025e-01 -1.110428705412638939e+00
1.328190588170065911e-01 5.922854311337911737e-01
2.402661556239328977e+00 -4.468197387452264580e-01
5.423441178445618238e-01 4.845890455471862923e-01
7.308807659763499887e-02 -1.917860238286230312e-01
-1.817240633495178725e+00 -3.570912307433274924e-01
-1.166459310216598988e+00 -4.880415649380928089e-01
-2.608802678558546972e+00 3.641212132389520240e-01
1.282740195470631228e+00 9.477059845624400403e-01
7.764242345389229527e-01 -1.482457163937217715e+00
1.013855663782978755e+00 5.863840336512092799e-01
-1.219958771990276025e+00 3.250229926842942985e-01
1.328741531911110663e+00 3.665743159829871201e-01
3.183138445905661640e-01 -4.977217137159433702e-01
5.693588535663872408e-02 -9.241241168829340547e-01
1.178653359747906748e+00 -2.454824666182354731e-01
-1.147888495411408666e-01 -1.489110735162368249e+00
-2.042844188688824225e+00 -5.997441574493463934e-01
1.297560817791313693e-02 -3.611356531344290244e-01
-1.341509249809313742e+00 1.901714921213280451e+00
6.219937297469061432e-01 2.663162579251702189e-01
1.331774515473617804e+00 4.685349536358634492e-01
1.399671025606379349e+00 1.282015452377111453e+00
-6.462641893085734335e-01 -4.088417690482745170e-01
-6.894847695377501751e-01 -2.625541864602727871e-01
4.543777616058689017e-01 -1.198733580305857194e+00
1.200491266354411501e-01 1.545264538569450119e+00
-7.573450793438337714e-01 1.375977197300231714e+00
-1.215610454578198940e+00 9.822394896741822867e-01
-4.561725272349275162e-01 1.114209414728898118e+00
1.096154951598531102e-01 -1.793772186377017019e-01
4.086282944617020685e-01 -1.009271046758293711e+00
-3.361219327642294141e-01 1.291467861341916712e-01
-2.184106127480514914e+00 2.850269368650633628e-01
-5.686833326365652724e-02 -8.882636847075541242e-01
3.224593714712276626e-01 1.746818245663220415e+00
-7.672857889850072111e-01 -1.175765925265476852e+00
-1.940381931286536021e+00 -2.698370758856160623e-01
2.947098706430455906e+00 3.245279776799612215e-01
-6.386781250934336907e-01 1.980162781968500610e-02
-1.106649358484665946e+00 4.001751044610487584e-01
3.682253618613108292e-01 1.074722150722516034e-01
-1.990054167306332333e+00 -1.113167386972077511e+00
-5.041851788254764211e-01 8.375890119663079725e-01
1.300892770116382380e+00 5.978239177976726326e-01
-2.384259830586854978e+00 -6.470243429574831229e-01
-2.091800621613381927e-01 -4.985698815908993359e-02
-5.515403301545766801e-02 -5.564365578372086896e-01
-1.270810763889557438e-01 -8.171111591728662527e-01
-1.834169076253992225e-01 2.234849401767488253e+00
-1.602586941712798030e+00 -1.509698699448716930e+00
1.540348297788614707e+00 3.005531733944821204e-01
-1.741184577488076091e+00 7.556447299903720771e-02
7.247202382683419764e-01 7.297483435861755741e-01
2.804897784996246424e-01 1.360465629095655604e+00
3.751189317682290802e-01 5.482246285750506098e-01
2.326334426024823099e+00 1.787358472034725754e-01
-1.137117392080634115e+00 2.023841346466959124e+00
-9.810473371795153108e-01 1.083912436657845868e+00
1.103664337013979146e+00 -6.431989251004247565e-01
-3.513494340723244402e-01 3.328410308947050700e-01
5.807097632001052834e-02 1.687015569358182754e+00
4.835410103271100546e-01 8.728390874883545925e-02
1.762498098145351300e+00 -1.541320533932863945e+00
1.957815606214127646e+00 -6.179670551818513546e-01
-1.369348883512529813e+00 -6.760557690938909237e-02
-4.426294854923074618e-01 1.285930678307129149e+00
1.189550762316823745e-01 -6.964182526528335249e-01
-3.613493236425000532e-01 8.750154475954363686e-02
1.407960298232702190e+00 1.639244645567130010e-01
2.833900098516394794e-01 -1.911522269684566566e-01
-3.622518213547244043e-02 -1.767378337888366291e+00
1.513230019903337442e-02 -1.324010389166217605e+00
-1.034770574058435866e+00 -3.434156880889229768e-01
8.406838180714693021e-02 -4.190491128452727976e-01
1.186572712689394349e+00 8.871977670884511058e-01
1.643556008286786718e-01 -8.342651411361451386e-02
-2.253089671775700964e-01 -1.545931787309365868e+00
9.635132016247961728e-02 1.120602300010655084e+00
1.542338694843945035e+00 7.532104680407216701e-01
-5.453007176983485360e-01 9.680859738254582458e-01
-1.040142453505783271e+00 -1.881120997257139216e+00
-2.348562899969253159e+00 5.845318841291680112e-01
-1.202251896184675095e+00 5.610674934883237430e-01
2.057682417125231478e+00 -8.177120421057444688e-02
-1.117323783161557754e-01 2.587334199431235771e+00
1.239141649501011244e+00 -3.326998307147776557e-01
-1.349824609372279216e+00 -8.227237657992700903e-01
-1.712125760331717261e+00 2.821998512262661740e-01
-1.399086800075427517e+00 -1.121314561615716077e+00
-3.387799379242663056e-01 1.659485570969200241e-01
1.324770849388880567e+00 -7.506463160719415439e-01
1.193448085474442699e+00 -2.896986391958044638e-01
-2.395140707711137740e+00 -1.175081674906820917e+00
1.643681002174622208e+00 7.281405009614745349e-01
-1.746251565050729093e+00 -1.646598553896304384e+00
-1.382565441998078848e+00 -2.487570316830954864e-01
1.293354933617304248e+00 -3.726367294966083099e-01
-7.386059733020580165e-01 -1.285277207073508121e+00
1.353024159186948516e+00 -1.182269859134507772e+00
-1.284215551660929489e+00 -4.660926905472822512e-01
-1.135725306243413169e+00 -1.487433468178155360e+00
1.462555062886952806e+00 1.367838607761526992e+00
7.445487763287257366e-01 7.984095853215281702e-01
5.007450844420414660e-01 5.265050238412568584e-01
-3.402982931151710133e-01 -1.026424116957790414e-02
6.417888621128451376e-01 9.851625377128230276e-01
-8.314803784125812669e-01 -7.948506770784310449e-01
1.629586940988140720e+00 1.586693899069987479e+00
8.399862011912713200e-01 1.042974497593927241e+00
-5.654417569691021495e-01 -1.047727836359858111e+00
2.526028963589012633e-01 -2.221541189487878487e+00
-5.300221650728493827e-01 8.909785288761351563e-01
3.321694484168339900e-01 -2.796151473109491636e-01
-5.356993130358462807e-01 1.088274962354671249e+00
3.960577288242693728e-01 -2.364505228056582808e+00
9.420443348746435630e-01 6.254912493293925957e-01
-2.128087252344890157e-01 -1.339750960626528764e+00
-2.721390181542137743e+00 -2.406303408482273198e-01
2.227482420843122923e-01 5.750297834337292358e-01
1.120860002732315674e+00 -4.546281779356666219e-01
3.102902640857766459e-01 -1.132241156882115574e+00
3.837903072547793060e-01 2.845678199902969552e-01
1.155908419156807199e+00 6.823616529845693002e-01
-1.576433123514746626e-01 -1.783221159238174147e+00
2.323285613198541877e-02 2.975855463050635086e-01
-5.497494325365500645e-01 -3.033025155332738088e-01
1.401496625284933129e-01 1.123305249284643148e+00
4.825430009096688400e-01 -4.607157626987366528e-01
-9.743498345180600095e-01 -1.494786920861037816e+00
-2.945314136264837179e-01 -9.898713092927793333e-01
-2.304822803711813195e-01 3.720842003389358268e-04
1.090176137680868296e-01 -1.291600809890302237e+00
-2.772143509280081131e-01 -6.151804075283460183e-01
-1.177895187107485864e+00 -1.173893840064550220e+00
-8.859898547875473540e-02 -6.321943277684971552e-01
2.547007414817903381e-01 -2.241871884836108109e+00
-2.858128261017195970e-01 -4.286330028874212883e-01
1.334832623697819187e+00 4.399224089887091571e-01
1.273443178369875861e+00 2.189244993155818886e-01
9.020021464305891801e-01 -1.063943987548126913e+00
8.680994609754689728e-01 2.033393922495446704e-01
-1.569806609803955588e+00 3.870810985515477642e-01
6.459306588556267270e-01 2.102412187212069128e+00
1.083384852286265687e+00 2.045514135538709644e-01
-8.099782405352994319e-01 3.366014690131115955e-02
9.727125698488321426e-01 9.585101729393968872e-01
9.223012036271599490e-01 -1.487694692479674952e-01
-2.783214700267229724e-01 3.099922783621688049e-01
1.203192359308333126e+00 -1.198142104794484464e+00
5.575195306031035525e-01 -1.242271260837918057e+00
1.758388883083931986e-01 7.376752998691922247e-01
8.238696171841102256e-01 -4.357169516088295613e-01
2.197684371306356965e+00 6.212546737978035249e-01
-1.855585256133765126e+00 9.636633297736910686e-01
-7.289453434982507973e-01 1.084228225603737217e+00
7.386245248604830227e-01 6.125915680739345559e-01
-8.241005327438519212e-02 -2.170003053558116513e+00
-2.573091613735821181e-01 6.167059111125581250e-01
-5.186801287790645532e-01 -1.712870924931542804e+00
-1.839396295500045353e-01 -1.135890153597948204e+00
-4.188460771084067114e-01 -8.412784569654455646e-01
-9.096453979393606115e-01 1.429742556270273690e+00
2.249381711706773812e-01 -2.017417199461427613e-01
-8.111696749506502879e-01 -6.502260036202398563e-01
-8.305505947237085129e-01 8.839421137439070764e-01
3.153173126641044544e-01 2.023409030759386329e-01
-3.179434311383556588e-01 -3.095763777567475672e-01
-6.078092307538934813e-01 1.690315413741179107e+00
1.062290996867736759e+00 2.428159156998245527e-01
1.567994919096686424e+00 -9.794492085098323031e-01
-6.239772116980554229e-01 3.901990275947443410e-01
4.825753564061964762e-01 8.863602353103766651e-02
-4.944642634694477734e-01 -2.534646120086518281e-02
2.335369832610898921e+00 -1.242334816218050308e+00
4.116466132243065679e-01 3.156340444185521954e-01
6.312679399187466345e-01 2.641932329970587690e-01
-8.944350656393256216e-01 4.816884152301891819e-01
8.525101225277003092e-01 -9.494279882847685981e-01
-7.827673603201144026e-01 -1.957687515773420261e-01
4.570965334339737174e-01 -9.042644218841641157e-01
7.563009126831991835e-02 -4.238121673066252981e-01
-1.871937410640270638e+00 -9.178793041842814304e-01
1.129250600499275725e+00 1.432188990172701848e+00
6.409585490693719967e-01 -8.198785386377711593e-01
5.294424679858761307e-01 -3.222072408709144020e-01
-1.366187458720621972e+00 1.139018810742730148e+00
-1.080258502774102514e+00 4.530190337803862571e-02
4.010770908638493920e-02 -6.492102616259686210e-01
1.494811038889235277e+00 -2.025281156239794322e-01
-1.171323564169874709e+00 8.818365616397092488e-01
-1.277440784571646226e-01 -1.099558250072471197e-02
-8.645319877555742716e-01 -2.752623238527844851e+00
-2.306460930710565738e-01 -5.110773188506365639e-01
1.073989744481905761e+00 -5.427787051656484119e-01
7.767675652257935992e-01 1.469271920760500283e+00
-1.766637197506741863e+00 3.817054007792042292e-01
-1.279919723158856382e+00 -1.531542746757695639e+00
-7.907744569139126822e-01 -6.684977816922074156e-01
8.011326338387055879e-01 4.850420286349889087e-01
-6.161333909496417016e-01 -1.293528786476497938e+00
-1.181008037602965466e+00 -1.283656589136591697e-01
1.281995624171832437e+00 7.483067267180321114e-01
-5.859597449076833220e-01 -7.501097698559057170e-01
-9.948713641049556911e-01 -2.561055413427230643e-01
1.862430666527565004e-01 5.301877926393690210e-02
5.402244483239947159e-02 2.465627203579008053e-01
6.140374764748112169e-01 -5.368592420468775162e-01
5.157752446529042523e-01 1.769541988910222852e+00
8.873236637845266506e-01 -9.989773663633225720e-01
9.403688959465684727e-01 5.294316518449109221e-01
-7.083758155964174630e-02 -7.386960291119816224e-01
-8.377479610905886886e-01 -8.691785935476120661e-01
2.374009049288536288e-01 -1.146660878259113669e+00
2.308268384349861646e-01 -1.802629065503581485e+00
1.566931383014672982e-02 -1.061457284739316442e+00
1.171526586202757958e+00 3.861413295869478568e-01
-1.145506339954317498e+00 -1.624142071802341158e+00
1.398719572367858877e-01 9.074731968248548331e-01
-5.156396521207466943e-01 -4.069151442841382332e-02
-2.979537138354332870e-01 5.106361588820670372e-01
-6.644660264936106397e-01 -9.531231249721118515e-02
6.678634530333885100e-02 1.174656411998415972e+00
3.306260672048356719e-01 1.484370522343597454e+00
7.332975646875932174e-01 -9.098306297612255289e-01
-4.452283724850583102e-01 -1.073856516985103982e+00
1.109374378058250565e+00 1.209592535343479852e-01
1.052080321921297301e+00 1.919178147798876813e-02
2.375651567447600865e+00 1.608933731428487279e+00
-4.503538059553420236e-01 -2.478885428689295289e-01
-7.323877113275584216e-01 -8.443635933522974923e-01
-3.536004363363108409e-03 1.813633309759028200e-01
7.844504535368493903e-01 -2.109838591088899762e-01
2.572670307134508616e-01 5.163934218070932031e-02
-1.442825935412850591e-01 -1.205421242477115129e+00
-2.393267497585992665e+00 -9.627264847244413337e-01
8.173178733566137666e-01 1.199685728573317789e+00
-1.003643203915070226e+00 -1.013416326507580623e+00
-1.743024067986207681e+00 -3.003565024384098892e-01
1.727379593710348660e+00 -5.484051999448551484e-01
2.802215379817196705e-01 1.027153414172323476e-01
8.074105359648520164e-01 -5.132186573041258582e-01
4.993033009989685800e-01 -2.115927739054671020e-02
-2.066190589689882895e+00 1.464157370541506076e+00
1.942225922497368140e-01 -8.850400574256215291e-01
-1.503371111918032632e+00 -8.575508113337020344e-01
7.342162809398892209e-01 -8.627167234924197903e-01
-5.525006233123027632e-01 -5.512506006411064252e-01
4.205601664926811867e-01 8.258827209877082076e-01
-6.659435675271921928e-01 -1.891576032608264235e+00
-3.509699377661809616e-01 -1.945731659351280340e+00
1.310511572492809806e+00 2.972631681225188505e-01
4.135979929109473430e-01 -3.581442142755701386e-01
6.372770118058558586e-02 -1.310671736489264161e+00
-1.044549214325951825e+00 -1.096560129241583859e-01
1.003992177415844900e+00 3.379782302544514505e-01
-4.660350784791013612e-01 2.968533991713475650e-01
8.659574045716162960e-01 1.253368098642941630e+00
-8.078353569655926103e-01 1.021284925543808786e+00
4.058952182021749455e-01 1.086663907622466806e-02
1.086657622298121462e+00 1.490886784416144417e-01
-1.527726172855655984e-01 -1.128738359345798081e-01
1.810531261852460938e+00 2.875472414351556427e-01
1.088183397722789270e+00 3.596863377716301713e-01
-2.890485512388166756e-01 1.623737706429278227e-01
1.950792647546367498e+00 -1.381469651621689554e-01
6.008178479909015435e-01 3.325311954420706040e-01
6.656624663472373582e-01 -4.193986795111896426e-01
-1.997771275361851284e+00 -7.074874809788009866e-01
-1.468051436839661106e+00 1.247843118063890477e+00
-1.417213393401566490e+00 9.436706925355876630e-01
-4.676072410234519694e-01 -1.367213177440738114e+00
-4.748338656891427090e-01 3.275798582951944815e-01
5.390682216090270096e-01 -2.287204598389867283e-01
1.284615772588162397e-01 -1.624268914078720316e-01
-4.717587079262575145e-01 -5.330772952228338829e-02
1.274473433484782037e+00 -5.420016053143140652e-03
1.501021001206605643e+00 1.358400545910416479e-01
1.344810641352339742e+00 -1.258639954681685325e+00
-8.704321671650131487e-01 1.369947846739463904e+00
-6.248227305337626936e-01 1.140080123364397791e+00
-1.365985002611883381e+00 4.583896021946078370e-01
-8.443656379838786474e-01 -5.482046686070070063e-01
7.735870860279484562e-01 -1.216436802230305814e+00
-2.676867485088972654e+00 -3.320265336110274079e-01
1.009943554336810045e+00 7.193851122190897396e-03
-3.230682421699642703e-01 -7.187021963874083708e-02
-1.023948858210727897e+00 -1.249312210671843282e+00
-2.795614940310415797e+00 1.072963988398805579e+00
-1.452458875381444026e+00 5.779445156965662411e-01
1.466433369030605061e+00 1.242142082823561200e+00
-2.102847877764014939e+00 1.067588509883905967e+00
-3.976707855591187640e-02 -1.393439806337612552e+00
5.578456765772514814e-01 3.399391056519443510e-01
4.030865765691121205e-01 -2.019067559495079767e+00
-2.450568732351723067e-01 1.709938810055463776e+00
-8.433721728608346568e-01 -2.633541631638554037e-01
-1.115472595362333452e+00 -4.945733729326279304e-01
3.170449194564140538e-01 -1.035600074580168284e-01
1.623458867913612158e+00 -2.943215665821296012e-01
1.250893699064855036e-01 4.263186123592309085e-01
1.219050170568197089e+00 -4.937104163521069400e-02
-2.350873056494349189e-01 -8.628652076036180674e-01
2.418542376643374681e+00 -1.443451728087586705e+00
4.613951162151949115e-01 -3.786430513281600213e-02
-6.801850519063463718e-01 -1.614920791385106580e-01
-8.401057617084185525e-01 1.347640872910983667e+00
1.193432436504315630e+00 -1.601219898025799893e+00
-8.549890330611177314e-01 9.902628293576094809e-02
6.940710316923101031e-01 6.032768262321617225e-01
9.106763740074028668e-01 8.568981093091042611e-01
-1.475063783283595553e+00 -1.099290300058002101e+00
4.798787829544627903e-01 -5.227795776953728657e-01
-4.702014879560897365e-01 6.066881542461188825e-01
-6.196596658976687433e-01 -1.153786920693248508e+00
-7.018919937277589005e-01 -2.368022048269041946e+00
1.493711296011988598e-01 2.050508321902820619e+00
-4.407302324785216108e-01 -1.342794874097154700e+00
-1.295755631283953990e+00 -1.236336412674228891e+00
-9.362766425047652774e-01 -7.405955720618658811e-01
-5.630189660055225920e-01 -7.277394760937732077e-01
3.996995783674253677e-02 -9.376809349379447989e-01
-5.539154003445419944e-02 -1.731870455650923013e+00
-8.222256154170356490e-01 9.007033229533059071e-01
-5.773200217547770352e-01 9.619206713353972704e-01
-4.297224249463224566e-01 -6.020676769491536406e-01
-5.966859950434876686e-02 -8.738482405833867261e-01
-1.373399533566061592e+00 7.714953952659833192e-01
-8.354975175279191757e-02 7.823950595290737331e-01
3.548566259867418360e-01 3.772301371691817728e-02
-1.578360723676965671e+00 5.757469492357524254e-01
1.611912131746537247e+00 -2.688990430269193044e-01
1.113337514058686306e+00 3.527035003586397877e-01
-9.275999033630297763e-01 9.204361235776750694e-02
1.224408329048004340e+00 -1.067618887537656880e+00
-2.728222399388703368e-01 6.019258293837513873e-01
2.364020560684825245e-01 5.027813353232331306e-02
1.418360383345627918e-01 -1.073646658908224527e+00
1.059334205114838223e+00 5.027883613288983700e-01
-5.851958397723477923e-01 -2.182094017251202889e+00
-1.451279100885849438e+00 -2.943428954031341860e-01
4.336210413128004371e-01 -1.399457699036922853e-01
2.253027677483955493e+00 1.302617712823181062e+00
-4.255501260851202727e-01 -1.552062161630325177e+00
7.935763072711237154e-01 -3.909939951797762325e-01
1.300466914422765408e+00 5.268756475628734171e-01
-4.639438445488963114e-01 -1.953243608937005327e+00
-1.500617024782120203e-02 -4.366958289870873644e-01
-2.829415903959203726e-01 -1.858254196091228438e+00
2.172840191168667334e-01 3.502180351909309763e-01
-5.252118455339859215e-01 8.745479917491367772e-01
-1.365130504072843198e+00 -1.170581450413318070e+00
-3.058236312221121467e-01 -6.587149275937307369e-01
3.454844983539163028e+00 -2.042670079425385962e-02
9.840263971237995788e-01 -1.486461958059076327e+00
-2.787339641579789973e+00 -1.577617001055743318e-01
-8.001106291111698132e-01 -7.996839943909890280e-01
-1.269464974810443847e+00 1.230501136061705747e+00
3.917230702203349235e-01 -7.814241296939172798e-01
-5.617115253232122241e-01 1.710434880935296720e+00
1.692249785984072608e+00 -2.109697834557574758e+00
1.586282871337674483e-01 -7.464158408648762233e-01
-4.344209548111841596e-02 6.703154562651322257e-01
-1.123841256409177980e+00 2.504818305412385704e-01
-1.049847741835264081e+00 9.738523383726196414e-01
9.647655980577891643e-01 -1.329793802095116328e+00
3.866875654735099088e-01 5.160210147534913805e-01
-5.384167674339656456e-02 3.917903769125810620e-01
7.134376812227574138e-01 -5.219716936790164130e-01
-9.166461019573239888e-01 -6.494456575344015326e-01
-8.642947355279729793e-01 -1.048020272852561829e+00
-6.716730546991340756e-01 2.340283342337863282e-01
-1.708885410360304391e+00 4.727956907937150115e-03
-1.105242031490015764e-01 -1.677026640072776686e+00
1.110751840934761647e+00 1.150269038200659066e+00
6.742450352105898714e-01 4.887510344192911860e-01
4.437727456228295897e-01 -1.498063848852630331e+00
8.992351623812121497e-01 1.287535937504402428e+00
-7.303433722189107691e-01 -5.489808046641945355e-02
