2.831586504129518289e+00 2.215278974398405598e+00
-4.540029211126817010e-02 1.491616150071477742e+00
2.121335973890480453e+00 7.799144392811031556e-01
1.765511585692119523e+00 1.608548525714969424e+00
1.504291430934033169e+00 1.325399789407058826e+00
1.933026189953598095e+00 2.703037373812211985e+00
5.349343294832367146e-01 2.528274077982703982e+00
1.728630130124659603e+00 1.945137612830347917e+00
3.633977881689558487e-01 1.635136878448635533e+00
2.984537001836581993e+00 4.201951142147239970e-01
-4.777282806579070673e-01 -2.433722958989072982e-01
1.766070164000550946e+00 3.884967330711096789e+00
2.623691253409423219e+00 3.172622213307827899e+00
1.599149215835243609e+00 2.897996377093575049e+00
1.228752012034219243e+00 2.113204184859639234e+00
1.232682811326431427e+00 9.506909858945210567e-01
1.632708295759951245e+00 1.023857985072663013e+00
2.808473080863477911e+00 1.695013279233092751e+00
1.900209988252348214e+00 1.162367662914469024e+00
2.756472263755155527e+00 7.680304979987920833e-01
2.160231551226313051e+00 1.149128108560128592e+00
5.605666402374488433e-01 1.010662783115348518e+00
6.954088577300454599e-01 1.287302361289488273e+00
1.160859753936565264e+00 1.812169936313221985e+00
2.065152669656627360e+00 1.352579742272980168e+00
1.474094663183813880e+00 1.789094203803935024e+00
9.601209286672988119e-01 2.208160019926603379e+00
2.342224738382655769e+00 1.703580797327478580e+00
3.894703664884535232e+00 2.417458937510429173e+00
1.387727528805839938e+00 1.137819552857759930e+00
1.267817744055909079e+00 9.982711004051327830e-01
2.628785153109877371e+00 8.021899695282853626e-01
1.418877816183053753e+00 9.707039190005117835e-01
2.546182856808264283e+00 8.144397077660525675e-02
1.137500816844359219e+00 1.378094308838111459e+00
1.819356421091224085e+00 1.960902901671718324e+00
1.284210107669478074e+00 2.489072457499438951e+00
1.814753778811733609e+00 3.967651056434602808e+00
-8.321487163215790517e-03 2.120600663008613385e+00
4.548674624855624238e-01 7.019911823277558138e-01
3.485084591425731126e+00 3.244814148339301152e+00
-3.561854806111479643e-01 1.277226300897000399e+00
1.434152152288798776e+00 -6.317121084816039733e-01
1.451169488661246953e+00 1.893341217081739636e+00
1.717265145118039626e+00 -4.943937697410574206e-01
2.607708234782649903e+00 1.744543976647989769e+00
1.438087970507595736e+00 7.461070392523007078e-01
2.211959016519839505e+00 2.418269151479415235e+00
1.017906861164521004e+00 1.589587612589516086e+00
2.326998622662264982e+00 -4.545121200015052043e-01
1.617475661026638090e+00 -4.074568881244002849e-01
5.770907351510540240e-01 1.969751434083042874e+00
1.355633236973036393e+00 1.099861648014271553e+00
1.204016147060787745e+00 2.348208609021656290e+00
2.206830454751635084e+00 7.127310737528133044e-01
1.792940724831966870e+00 1.029192748514482725e+00
3.904325605937349675e+00 7.606432614913279933e-01
1.187171242662910409e+00 1.151118081782506852e+00
1.060973763779985646e+00 1.641104168064432045e+00
1.773049320095311021e+00 -1.185707478157949080e-01
9.268866384404103043e-01 1.795524541085442571e-01
2.736205326186815778e+00 3.965325082061476270e+00
2.883232229535518165e+00 1.846233115351183063e+00
2.522516107234136218e+00 1.666810267019732450e+00
3.156716624478291600e+00 2.167889608833442061e+00
1.270053356225277152e+00 3.704488055662085166e-01
8.600373957715022888e-01 1.813830521559005815e+00
2.741640192619452243e-01 1.278206863600506171e+00
2.839926309957553130e+00 1.529309710943169698e+00
3.485385746089388448e+00 2.947165600668222307e+00
1.212370586349419188e+00 1.406894268940006576e-01
1.451958674770579272e+00 1.019212659867976045e+00
1.877753085965341961e+00 3.114407974145464664e+00
3.768959647756169318e-01 1.111272053145188732e+00
1.832349949531516753e+00 2.634973173081905706e+00
2.010714411397862555e+00 1.914297641194009358e+00
2.844549423365941188e+00 1.993515317248288676e+00
1.262995815476518846e+00 1.557285150156018094e+00
7.929285529328361504e-01 2.046664837534534431e+00
2.442500408940140311e+00 -1.479596771061133964e+00
2.718148850351047585e+00 1.443479276917409404e+00
1.960888452398865889e+00 2.162374011724633061e+00
-7.951033289626234790e-01 3.040706885364823364e-01
1.166898837862164973e+00 7.086092290325561871e-01
1.774172780760106871e+00 9.850900775287482203e-01
-2.110711971542644783e-01 2.112297312498550461e+00
2.600129374013328665e+00 2.064352526386118214e+00
7.872005631729401820e-01 1.239140521445825094e+00
2.048428066295824745e+00 2.103199050230591727e+00
2.506861138624822516e+00 1.205573992610057044e+00
7.911948484576569740e-02 8.210532253799590618e-01
2.033884809310874786e+00 2.243974403785924387e+00
3.725049638823194620e+00 1.617181420194483188e+00
1.744614520264990087e+00 1.322701177354432600e+00
1.094270472350908019e+00 2.281775190375614937e+00
1.853477613803850010e+00 1.292720514278562272e+00
4.203026160411513779e-01 1.376930171489860077e+00
1.109017814693596504e+00 2.755173731709571250e+00
2.447126078175187569e+00 4.776893077226052053e-01
2.667168368404117196e+00 9.280231867122334943e-01
1.633137496871057914e+00 2.702743873969904786e+00
4.752470329547162642e-01 1.660399162942558737e+00
3.695247128606591325e-01 -4.412996810224278921e-01
2.486597816897997859e+00 1.528227367299119788e+00
6.776324021693351796e-01 -8.655176084784854673e-02
1.098527180628279254e+00 2.842179284255024641e+00
1.902469093488447394e+00 1.127238583563132668e+00
8.279765635316540529e-01 1.605812082795755380e+00
-4.730539091752916647e-02 2.844806510628230534e+00
2.003189181636488847e+00 2.694350602463246425e+00
9.364943288038565239e-01 2.354828756312667526e+00
2.187904725661524274e+00 -3.306871829018231956e-02
1.648960700976888294e+00 1.815111168221666738e+00
9.250823359475539576e-01 1.139828865570547523e+00
1.936185296532739075e+00 1.462082117986966079e+00
4.952836474739046313e-01 2.091453086630322478e+00
1.727817363845207677e+00 1.749178657886335309e+00
1.595763236737718138e+00 1.949021730693823118e+00
1.213997992340345888e+00 6.372417006029897912e-01
7.581751612295922760e-01 2.605575136158065241e+00
-5.177186526744166351e-01 2.040540713101263393e+00
5.770111738538075130e-02 -1.088503628381167765e-01
4.934314382039910463e-01 1.242466375198533868e+00
2.230507447139530086e+00 -1.984014911619134125e-01
3.174075545591211522e+00 2.663723700168368680e+00
1.367426407348494299e+00 1.209754191387536038e+00
5.464675823835265511e-01 2.088040593808861090e+00
1.568801470742233306e+00 2.912064304423644057e+00
8.137843851208855783e-01 2.047943926840665618e+00
1.463617462197785324e+00 6.529837469551462714e-01
3.402304041632003617e+00 1.779605392180011014e+00
2.120254501513469059e+00 4.314322915321169294e-01
7.773792664938814490e-01 1.584139555391751220e+00
9.155448433746320447e-01 2.102022270753713507e+00
1.938365239169691723e+00 7.176568056886617475e-01
1.692935984169126495e+00 1.504024911987938307e+00
1.335924709322600101e+00 3.511877355921395605e-01
6.644914960297487738e-01 1.710450728379386609e+00
2.513984630749689586e+00 5.298021770237575367e-01
2.717181559143886815e+00 1.682647378569049668e+00
2.301804081971170479e-01 1.823389929721665137e+00
2.385774857604897381e+00 1.764394691630712053e+00
3.819127317627480700e+00 1.808667673187793756e+00
2.392564031515495682e+00 1.511022696775798257e+00
2.480074128001982903e+00 -8.955720133917983716e-01
6.424774849603125393e-01 1.135721913750321388e+00
2.003926901210352884e+00 1.688331214581668904e+00
2.585227073656096053e+00 1.856939067005642929e+00
1.707329567390122094e+00 1.354935462674922597e+00
1.663904252678432005e+00 2.329512484397241678e+00
2.255299957952174861e+00 2.379485690557662458e+00
1.260043701171095210e+00 8.049433545926638622e-01
1.028599917036312039e+00 1.849476408667366290e+00
3.111457293993348472e+00 1.739339266431239928e+00
1.985002628147279902e+00 -1.586047065732947292e-01
4.179910307979315398e+00 3.964778687387737754e-01
3.317782608714339609e+00 9.439526583586969055e-01
2.457711239687686344e+00 2.315220681428418636e+00
1.564319399754012130e+00 1.333594628486264311e+00
5.592902250071627446e-01 1.446405498276902124e+00
2.601136203144324810e+00 1.872122545405575433e+00
6.165390129062544577e-01 2.658051571697563453e+00
2.963465084057441690e-01 1.709839141871743351e+00
6.088130778713198854e-01 7.173122530086679660e-01
2.579730677795707194e+00 1.037159114403731097e+00
-1.507567935002862569e-02 9.612814682226735741e-01
2.256621857728178693e+00 7.706007775287486705e-01
2.714782650080172388e+00 2.508282966705223771e+00
1.573283008926729121e+00 2.673732413422803766e+00
3.362951667320955629e+00 -4.836364976489690992e-01
2.656688930108264124e+00 2.109282266282363594e+00
1.176798767526994860e+00 2.164145606928327581e+00
1.896725993091632478e+00 9.238831391254549441e-01
2.988218392078015206e+00 1.640246866805074255e+00
2.688316753984643981e+00 1.254254612451620732e+00
-1.355866180091611639e-01 1.744798088545985504e+00
1.264917770190986168e+00 2.391721943458593458e-01
-1.919679287768085718e-01 2.116450922404873314e+00
2.769691281673293037e+00 2.897337976617335720e+00
2.034224962267123793e+00 1.504102038558737808e+00
1.689419842289393126e+00 1.544774685416949289e+00
2.294685274336775826e+00 1.006859258559054782e+00
2.384102610002674094e-01 1.280739735997001194e+00
1.697272223845526229e+00 1.244719545955715212e+00
1.525807591506507688e+00 3.700966437641787454e+00
2.384367603492543175e+00 1.131774653888586446e-01
2.153662314329918281e+00 -6.766086346530015838e-01
2.118948924394426836e+00 1.977234303111198521e+00
1.526096528136701824e+00 5.302943271951999771e-01
5.162718759664829404e-01 1.912532715661577454e+00
8.856951536624638743e-01 2.337081775372803261e+00
8.763809917221841994e-01 1.136813798572831047e+00
2.259471331132874461e+00 1.466073000322918540e+00
1.333599307281539081e+00 1.769572423418876106e+00
1.875305551056121178e+00 1.416084755818794116e+00
1.726126349249448522e+00 1.384119269409058939e+00
1.911602412062842760e+00 1.787810434294728301e+00
2.004271477113459987e+00 2.304267357691739182e+00
4.693917871075050652e-01 1.423024399611829693e-01
1.233498134970028914e+00 1.328707202414958655e+00
1.962385550723804384e+00 2.801444661995819985e-01
1.692572839190219502e+00 1.935450388511247066e+00
-1.349441361225913738e-01 1.934937274593366396e+00
2.897819385826871486e+00 1.624666775078380088e+00
6.085485979663578515e-01 9.231066585125512480e-01
1.425051131868012799e+00 9.782235518140096620e-01
-1.704401344329630419e+00 2.962710992668504240e+00
1.033097378464915561e+00 1.320980299133627689e+00
2.424747634511922101e+00 1.735244764995574007e+00
1.011391744451294983e+00 1.407018458409911466e+00
2.035401382228260392e+00 2.050844701108554435e+00
1.308477946500749889e+00 2.294697627725096112e+00
2.285096499059196429e+00 1.012275583052826056e+00
4.941351351651814827e-01 1.827575365571899813e+00
2.079048450180859930e+00 1.040074452104196023e+00
1.064184086130965268e+00 2.036268551747574929e+00
1.657014983450772361e+00 2.858789138983294897e+00
2.015345245131190843e+00 3.884124623033885726e+00
2.029190267809820813e+00 6.038561635303992814e-01
1.302189882612839300e+00 1.404524168152641250e+00
-1.804459190064797713e-01 2.176708195494313269e+00
1.560727823545398962e+00 1.476958811626752022e+00
9.466815724035358981e-01 3.938767637171236569e-01
1.282865105610126122e+00 6.245776231960722402e-01
1.510781428998630549e+00 5.937531792761555627e-01
8.424678925061290791e-02 1.594708311255331079e+00
1.693800610539500040e+00 2.043235085645158211e+00
1.556335779377569617e+00 2.965655005086237139e+00
8.640307884171624098e-01 2.609505228458760762e+00
5.073675158403582186e-01 8.176585264712064038e-01
1.090730799389391770e+00 1.252524726932378041e+00
3.027851119398377477e+00 8.505616290928840195e-01
2.309844739004227598e-01 2.254876070726540505e+00
1.476091557399279663e+00 -5.754247203099449592e-02
1.846351576613854961e+00 2.442364497456810390e+00
1.114523183293950392e+00 3.060208780967233366e+00
3.045161759916860333e+00 8.083123458754348789e-01
2.364518472126949433e+00 -5.977918732737452778e-01
1.670294694808590164e+00 7.421703476490805196e-01
2.467810416151192232e+00 6.254749553076014434e-01
2.527840390066829368e+00 6.971103715619794139e-01
1.071696592320314778e+00 7.445841661895830077e-01
1.720496898946745290e+00 1.268858153449103909e-01
2.146758337287711704e+00 8.264981859803345321e-01
3.741866502543306883e+00 1.253512879402855384e+00
7.363956611766515614e-01 1.980788743093191862e+00
6.682007972002911300e-01 2.093189231289448671e+00
1.051220860748265595e+00 1.987695938177084898e+00
1.556314729454103096e+00 2.045784465287416864e+00
8.168775989237613278e-01 8.409826916647493711e-01
2.939253728498119944e+00 2.882146624990063799e+00
2.421320431181229971e+00 9.271127782224829472e-01
2.775049100933350665e+00 1.171167959999973807e+00
1.353659194515597575e+00 2.558436642505932390e+00
1.388919557372702007e+00 1.461118866903685865e+00
1.177636507761037565e+00 8.342342688156761943e-01
7.953799955324050153e-01 1.146237269298144401e+00
1.651927420855874074e+00 1.195799829821650340e+00
3.211456308365494561e-01 1.350867293394327984e+00
1.274903149655399304e+00 1.570154373773474665e+00
1.952067228573112656e+00 1.794069257861882205e+00
6.724899871236985627e-01 6.715287831031614418e-01
1.007492536595387733e+00 7.483795590775612627e-01
-8.838081595530011825e-02 1.031269286714984190e+00
6.888153259968055053e-02 2.365031364952694393e-01
2.597513678544389748e-01 4.468840265364479869e-01
3.678022623022596527e-01 5.890539441929699693e-01
1.239760114427767235e+00 2.314654519391862397e+00
1.526585272250922110e-01 2.559528326084444139e+00
2.024540735832175198e+00 2.033489021449303991e+00
1.246441981972840063e+00 1.692122293094193486e+00
2.062921792755506356e+00 2.127450968623390892e+00
1.160051377998981170e+00 2.237178981120622634e+00
2.702902922260190799e+00 2.470559526668866468e+00
2.203878720836657479e+00 8.950122820783908972e-01
1.504710544458982779e+00 1.647033939883915998e+00
1.037460882746418678e+00 1.718558831941771059e+00
1.668753608752349571e+00 1.450002821828389798e+00
1.350093854405389759e+00 1.464671937692552994e+00
1.533616534582930235e+00 1.133424009755384265e+00
1.075788579209481677e+00 1.449150349902428525e+00
3.762457970232837567e-01 -3.573581657899187469e-01
1.283475068136048058e+00 3.207954976838633954e-01
3.144761131873371696e+00 2.223429196615679171e+00
2.748149296036343614e+00 2.232725770226584139e+00
1.178977262095495249e+00 2.000894966933572494e+00
2.019942311224913745e+00 1.221241707614437733e-01
2.284710645689510322e+00 6.036923329449447317e-01
3.216620678964694502e-01 2.241187405508169750e+00
9.271506684322433633e-01 5.389946569499157736e-01
2.687917994398265620e+00 -2.661650005221873894e-01
7.295883426894252954e-01 2.624241915604955011e+00
4.171685088912162165e+00 1.564445500068058603e+00
2.413484313775602352e+00 5.029937899122394196e-01
3.575048669611219143e+00 9.098134693127772898e-01
-1.316001217151010039e+00 1.609544426318456622e+00
1.642669293583647327e+00 7.159644393648584293e-01
1.757610735088388942e+00 2.812922746978431476e+00
1.509746307035739754e-01 2.000136850945306577e+00
5.154133519834965815e-01 2.985979414038909763e+00
2.070693455017309059e+00 9.871248076485896750e-01
1.775782422988379849e+00 1.110718457880687460e+00
2.148529415041712909e+00 1.475571461013392316e+00
2.808487154516837947e+00 4.162577473831104768e+00
1.842726398762100093e+00 2.372630165412905168e+00
1.877397005427052568e+00 9.933406189126158248e-01
1.983016129818470530e+00 2.476906030686802040e+00
2.346841286198217080e+00 1.656651756977270296e+00
1.345478225274732154e+00 3.330147150180045479e+00
2.429111295543352256e+00 2.882537486721399755e+00
8.477386414578549356e-01 2.922853345250872259e+00
4.115562369120984165e-02 1.977648944263959097e+00
1.529400794104724515e+00 1.661812786149754473e+00
1.089076398234210652e+00 2.430835634663386369e+00
2.038268648334505162e+00 1.695192796117190426e+00
3.565625718141937739e+00 2.542052414291836371e+00
1.683318417872073702e+00 1.488511503731860586e+00
-4.871041493861687499e-01 8.591677074793019342e-01
1.018605448371245448e+00 6.890881893732575536e-01
1.391126454703566440e+00 3.320780653707213759e+00
2.014069944618611441e+00 1.265332538382963889e+00
4.144213615269241036e-01 2.451745964114985021e+00
1.269607786705380104e+00 3.369987824433187562e+00
1.657724977209109829e+00 2.933636526236332642e+00
1.972639428574270770e+00 1.575658919913847988e+00
1.626144866565780056e+00 2.125581942048075490e+00
1.473077360652813583e+00 -6.744800622117597122e-02
-3.848501723504775818e-01 7.824877839984545336e-01
6.820636238485332514e-01 1.709371089362430984e+00
1.369379077227909969e+00 1.992985204780150177e+00
1.277233929497783471e+00 2.061872464967968721e+00
1.838059344711883369e+00 2.603872903242984371e+00
5.997004391544609181e-01 -4.010137358710648137e-01
8.791456680287863534e-01 2.228493464624816234e+00
8.415597847176347068e-01 1.020965434407418382e+00
2.108752987062516571e-01 5.258004077418628741e-01
1.305897467789944422e+00 -2.467358424957382113e-01
1.349022947949181095e+00 1.517923190893904817e+00
1.301679496558516336e+00 1.624646161460773008e+00
8.362490753384480557e-01 2.781573840634696815e+00
2.292239483267218159e+00 7.088980469019061648e-01
1.423394993280660437e+00 8.357626717208019862e-01
2.771820623893550994e+00 1.380447017098931140e+00
2.990213880475058872e-01 2.346185095271043686e+00
2.111229782867569238e+00 1.296396921139502334e+00
9.758261767000870890e-01 1.081425976889116347e+00
1.438083787284891057e+00 4.411517080223437137e-01
3.305245577468250318e+00 1.425976776032194637e+00
3.704885697984325876e+00 1.047910713083184842e+00
1.290564039718243183e+00 1.205315642327858594e+00
2.406492163745012292e+00 2.499254492897870605e+00
1.815384307812857312e+00 2.637799466951745497e+00
2.658096364195514649e+00 2.499760518885931759e+00
1.083551382457424328e+00 3.562235971916782873e-01
-1.264468164091367974e-01 4.121057889680712627e-02
1.184174645765566414e+00 2.110641888308784075e-01
1.391640017136620111e+00 2.993233329307733559e+00
1.343906417574012080e+00 -3.916453966716488821e-01
2.340366157469656816e+00 1.274801162315827074e+00
1.000579754116694531e+00 1.228982099771202430e+00
1.746341282521020055e-01 1.518548135785695363e+00
2.254554919049383876e+00 4.751973101582460668e-01
2.069933542352652367e+00 2.109210407747964311e+00
9.316848298009421381e-01 2.509196039658983857e+00
3.412823395837327745e-01 1.939732674203551221e+00
1.356457560378923288e+00 1.417519438752872452e+00
1.888578019972155797e+00 1.713784719725253591e+00
-4.625185173838224362e-01 2.031378742295846251e-01
4.194035035455445648e-01 1.263952648149265778e+00
2.280046309451244646e+00 2.558817021711190076e+00
2.171740933577541721e+00 1.675139499580083235e+00
5.297367344307555292e-01 2.681351831788390427e+00
1.605936373524038396e+00 2.619824725849591029e-01
8.800541002286961234e-01 2.718060109237087740e+00
2.933901430144374878e+00 5.640905012593407930e-01
3.608038008491687432e+00 2.411708366980249707e+00
2.068167077811111199e+00 3.305323289891832772e-01
3.651970505787844878e+00 1.446775108809679855e+00
7.482280984363264276e-01 1.066227317930306562e+00
1.395123216033522962e+00 5.095761109650409626e-01
2.113978038497205336e+00 1.382786528122816883e+00
-2.323214220769316274e-01 6.261982828102095056e-01
3.653046771846784058e-01 6.922036742705380830e-01
9.503523795471214841e-01 1.687456441691449038e+00
1.205341923760152589e+00 1.313078694108084088e+00
7.507527647067389065e-01 2.186848405988967681e+00
1.222929607873246782e+00 3.490005512437931223e+00
6.063600474273806995e-01 1.458987495097076703e+00
2.800269054946124214e+00 3.539041736618957490e-01
5.490510127044062605e-01 3.843408490979249859e-01
1.370132909526043719e+00 1.206911060756184595e+00
1.713529128419897685e+00 2.618030804263470568e+00
3.435363472578771837e-01 1.114539098118583205e+00
1.899327373618816539e+00 -1.011469099057461740e+00
9.733919659526774071e-01 1.044218098519743565e+00
8.948960274917855395e-01 1.783930919454807418e+00
2.597120829263038555e+00 9.614226315739431428e-01
3.695596742856674499e+00 7.973562148065894695e-01
1.439400441642885831e+00 1.717228216690118048e+00
-2.503429010435032076e-02 1.957891973859019696e+00
1.521043221069700468e+00 1.656371521816426107e+00
2.537654189621772360e+00 1.545665900241752322e+00
2.607336148748185423e+00 1.622109490306877788e-01
1.246333278170181913e+00 2.754879840194763396e+00
1.419454831868426803e+00 2.791577445861954665e-01
3.440739149297415977e-01 7.426601484417048038e-01
1.876085933559399344e-01 1.995348507418577499e+00
-1.315061307769282983e+00 6.786216977434551545e-01
1.093494198027440412e-01 1.267573270391431084e-01
9.304483067002098373e-01 2.650666225289750599e-01
1.977597650237437943e+00 7.105208600867946034e-01
9.477647234221211470e-01 2.337636920435800292e+00
1.772717816866085316e+00 1.626255475590953070e+00
1.474141578301882749e+00 3.756577796491495924e-01
1.801572788939199921e+00 3.618591435639298748e+00
1.237033862790620775e+00 4.966120563142615296e-01
-1.779622517112655622e-02 -4.219949036061387826e-01
1.156654751107210943e+00 9.596356686428980654e-01
2.545169505077788941e+00 1.420064762864186925e+00
2.161394964585836576e+00 2.123388411321930125e+00
2.698601830825168690e+00 1.191219186202317593e+00
2.470167988871644127e+00 1.951046213413367036e+00
4.372932790640138290e-01 4.748579633347906892e-01
1.919614023971982109e+00 1.184667720417697412e+00
-7.107544117194009026e-01 1.756789835019514578e+00
1.760529355218142689e+00 1.698179914376493738e+00
3.025852040160496248e+00 1.101727746406955921e+00
-3.639520877196389392e-02 2.134149064779979454e+00
1.654902805889792994e+00 2.100676777367915804e+00
2.147285485790548343e+00 1.649564405147077917e+00
9.486574319341525285e-01 1.434497587787091355e+00
1.341883270364608638e+00 1.043684820838880256e+00
1.656872112915513506e+00 1.380205232469054355e+00
1.548742710513682397e+00 4.098214167984579603e-01
1.214364353044099509e+00 3.534681242070036866e-01
4.415015122834202721e-01 2.876798341889644561e+00
4.831507407770865292e-01 1.985599770388723151e+00
-1.840774029110727739e-01 1.396436496213128153e+00
2.542891712759636214e+00 2.284855734604313682e+00
7.585107651203905066e-01 2.293741248221595974e+00
1.127584254235088235e+00 5.326739103883989523e-01
2.923307595457211860e-01 -5.079751926173110554e-01
1.969496206066770450e+00 2.275654221665138088e+00
3.171066492025520045e+00 1.148760020703750051e+00
1.172300301432423364e+00 9.411181065185112438e-01
1.812269976120856718e+00 1.656715587432187053e+00
-5.026747688296584471e-03 1.977145648523841004e+00
2.071007365708324777e+00 1.754069456138527716e+00
1.258761183264576644e+00 -4.168865939542041321e-01
1.601195084646899414e+00 1.393197238735159660e+00
1.034016110385068909e+00 1.567767263200854355e+00
1.275533230131051576e+00 1.571738305669682312e+00
1.383238437241484098e+00 1.030141345474917980e+00
3.907915052631900643e-01 2.615406078251791833e-01
1.841387653925786072e+00 1.463032468858205704e+00
1.906959694166793673e+00 1.936534958802955675e+00
1.371095714089697104e+00 3.415652588918248966e+00
9.977235578838752339e-01 1.567693608649115777e+00
9.924700065545312144e-01 1.140956176715024029e+00
4.662039324924174277e-01 2.180045197988055961e+00
9.699974357363738697e-01 2.155596990961653248e+00
2.564128646033858150e+00 1.478735081289440645e+00
9.685800424121950858e-01 1.809762223716409268e+00
2.065386248923795520e+00 2.149446035484592343e+00
1.724108399154760107e-01 3.005019927550579784e+00
6.211884905131517254e-01 1.197843252188328655e-01
2.115319945000128321e+00 1.155451222922720511e+00
1.609433255782546812e+00 1.715277935019267952e+00
3.220386870303166393e+00 1.649422258727868407e+00
1.969691983714743078e+00 1.160677882467416655e+00
7.950891065262235546e-01 2.362025849237025632e+00
2.087849672255385869e+00 3.075342084911932616e+00
7.291129807946397090e-01 1.871280832634933500e+00
2.271469749895242085e+00 -1.686326659349286494e-01
2.258315932084504762e-01 1.992167749014713163e+00
1.731822232471311507e+00 8.613075179615626853e-01
2.410932388416964223e+00 6.045247640897815078e-01
5.942769852377716155e-02 1.584982871845104002e+00
1.632168149462666085e+00 2.446298664243800935e+00
1.724227439535956918e+00 2.333514688174584517e+00
5.310107492379098071e-01 2.364170548301323116e+00
4.556168533851696623e-01 2.527838928822456310e+00
1.303172285322418134e+00 1.491832212417981918e+00
1.085880502679777315e+00 1.371186257916721773e+00
1.180920321036010412e+00 3.858635768793305942e-02
6.715893005048810815e-01 8.746984514429816393e-01
1.766786014983768416e+00 2.026014692943145956e+00
1.191907608235420524e+00 1.884037785498714257e+00
1.950691682261799897e+00 1.190564374692020921e+00
-9.342086748899953719e-01 1.534880457784324470e+00
2.954018342431749655e+00 9.597435785801452512e-01
2.240152038836790371e+00 7.917100614168287587e-01
8.422719298987698666e-01 3.611098536768399203e+00
1.427033063155955350e+00 5.576068729030616566e-01
2.645008657755557380e+00 1.810876375433033703e+00
1.892133801360279310e+00 -3.945938876457724120e-01
1.158488360401155104e+00 1.569773714389301356e+00
1.339642931996933406e+00 4.856608238645678810e-01
1.168172251419856922e+00 2.940697401878555439e+00
1.109782136069932923e+00 2.142450624434020234e+00
1.513252226094956132e+00 -1.423335882393974572e-01
-1.394199613746662514e-01 1.175507542826366603e+00
1.183789014281516172e+00 6.834072605723949811e-01
-1.215113599168368586e+00 5.315612397864866168e-01
2.454289832401483629e-01 2.519878040898364535e-01
1.744459991154388989e+00 -9.581001682083298832e-01
1.824668955772265067e+00 -1.679945382584340896e+00
-1.114408922393580692e+00 5.915102688563323580e-02
-3.157012751666009587e-01 4.704321251593908682e-01
7.763924045810480790e-01 -1.064623603991771139e+00
-1.826089379781782041e-01 2.114478591196331803e-01
-1.332725258518699496e+00 -2.075699250258629946e-01
-7.829215574861964066e-03 3.652662413068541447e-01
-4.000279828678495742e-01 1.132525487132303388e+00
-9.861629262045325250e-02 -2.110221932455247362e-01
-1.580237725048443398e+00 -9.296642239223475990e-01
-5.979036091737941483e-01 -1.432970663332410632e+00
-4.669585682627883094e-01 -8.941447698661574295e-01
-3.317669052301424948e+00 8.952795835300708660e-01
1.199629397527988584e+00 3.816046016412054098e-01
9.017286394503266911e-02 -3.744861958700113069e-02
-2.333174030649046049e+00 -6.694958417405764972e-02
-1.453109102744752912e+00 -9.714790720861264939e-01
-1.397588282723326580e+00 8.589208694766869989e-02
2.650689880894301798e+00 -4.849197646395896344e-01
1.370099226165810258e+00 4.547011650183778730e-01
1.578553276635645819e+00 1.196180070511958959e+00
-1.839174578716865849e+00 1.109381316780095661e+00
5.481775131691980496e-01 -1.151720495810040656e+00
4.097153963262154530e-01 -1.427987510557050088e+00
1.958933219268576276e-01 1.158202523315927435e+00
2.393529313105102196e-01 -1.207137302981129645e+00
-2.975301975307551583e-01 3.481454453637279345e-01
8.182868311136097805e-01 2.005006964061980534e-01
-3.655395678112990931e-01 -5.541640205684963405e-01
4.817048393360816028e-01 1.634502674478121476e+00
7.020613515959115425e-01 -6.432665531513789281e-01
1.241112360278039173e+00 -9.741331833774172222e-02
1.494537610130657113e+00 -7.461966291445100430e-02
1.093526628875739037e+00 -3.104894886592399206e-01
-1.449745169035605852e-01 1.441475876064395978e+00
-1.273665096202892144e+00 2.402074267101078631e-01
-5.714902059702152703e-01 2.904222564064719014e-01
1.219424603246594685e-01 2.317557074895076674e+00
3.526129572530276590e-01 -1.213100260043434631e+00
-4.053373743794211892e-01 7.167883762708513462e-01
-3.088944059429954425e-01 7.175782571799215193e-01
1.373373498515202629e+00 9.749200514763438630e-01
-1.105930302657448072e+00 -5.711898793040240951e-01
8.687326854880082772e-02 -1.779796829071223385e+00
7.156363393598381695e-01 -2.629479124572242643e-01
-1.741168033134388171e-01 3.538908780533844833e-01
-5.872628258124307221e-01 1.511953849904042135e+00
7.549113806430717277e-01 -1.312956106167117776e+00
5.477740193571770805e-02 -5.348069958003189850e-01
8.063909938041340375e-01 7.495481445975255008e-01
1.379338129863193485e+00 -4.715946135276302686e-01
-2.753070151733293947e-01 2.388172424389343740e-01
3.505246927677793112e-01 -6.466562799252142391e-01
7.148377423321858881e-01 -7.312783944354178667e-02
-2.462222578964984976e+00 -2.411231571792704198e+00
-9.959469622565148006e-01 1.527890174824007685e+00
9.120096369643273526e-01 3.353319576437339689e-01
-4.056265938068263077e-01 -1.108823625229606452e-01
5.601603766172363885e-01 -3.773180817643784213e-01
1.294729006031245522e+00 1.509372958545918353e+00
1.103331257833372270e+00 -5.920187213568002260e-01
-1.338004224466909919e-01 -5.977087970643796266e-02
2.930623759832026165e-01 -1.410831426992563031e+00
1.254257741028727002e+00 -8.902765789969816490e-01
1.710135439552683823e-01 5.875538022401072258e-02
-2.076596038035453673e-01 1.163585795291870228e+00
3.692160112967566854e-01 9.047739212578174151e-01
7.623123480919106187e-01 -6.815574789934213396e-01
1.377823460557836110e+00 1.184554791074166946e+00
-9.820632746332900176e-01 -2.504608191486009661e-01
-3.196709659917514879e-01 3.223925068176911046e-01
4.679119939511123816e-01 2.324048745443135999e+00
-8.239527162994422227e-01 -3.021194844552940184e-01
1.235933485031648127e+00 1.190694172775956350e+00
-7.498960298028726212e-01 8.152220232867637417e-01
-3.628814193530575660e-01 6.432284140982379439e-01
6.560640268114230622e-01 1.738086015743939505e+00
-1.522845752883543291e+00 -7.784035999893563762e-01
5.796330557723937682e-01 -1.060335527469600025e+00
-5.488485602084046677e-01 9.418945805906737689e-01
-8.443424755735766674e-01 -5.816056668989891820e-01
-3.972119727177498422e-03 -1.480409941779584848e+00
2.165262489032404591e+00 -1.123913491042211499e+00
-1.945516359944116980e+00 -1.230110553204448037e-01
-4.756451342025598827e-01 7.921897526955268276e-01
1.049230471439007495e+00 -1.499162582062671056e+00
-1.076190967413744648e+00 -1.020262848904871511e+00
2.218270994674485852e+00 -1.061179321744911558e-01
1.569927506322124078e+00 7.852881514275385222e-02
3.891701745312241972e-02 -1.431634091293650268e+00
-2.387054794298870686e-02 1.034350702473926686e+00
1.329178657262023167e-01 4.201907386102151643e-01
3.504430062235625587e-01 2.448004803835113208e+00
-7.837753314390079051e-01 7.652473078728982969e-01
7.059600441358366840e-01 7.229868325524716477e-01
1.758472924542782589e+00 -5.531093408138230139e-01
-6.060290763773804601e-01 1.904726144464623516e-01
6.407020804796018654e-01 -1.257202772132502755e+00
-5.970260128153224988e-02 -4.928630194887648197e-01
1.465512690043696997e+00 1.592964290667985949e+00
4.979236516271859370e-02 1.020981928071207134e+00
-1.936203287799733941e+00 -4.283861598841753326e-01
-1.370836291104756688e+00 -2.077276131660389935e-01
8.749764275458387086e-01 -5.769703178252482134e-01
4.216724519230961865e-03 1.969044194304238715e+00
5.118776614492819288e-01 2.793165761731142727e+00
-7.761169593082363483e-02 -1.845326366238976279e+00
4.985390666395582149e-01 -2.322016279159752616e-01
-1.427669695006819284e+00 -8.802877263208972458e-01
-1.776004413823058181e+00 2.058527359573879334e+00
-1.579252336913784971e+00 1.914100729300048265e+00
-3.491481244287543695e-01 1.061417214223882577e-01
3.311008215068528271e-01 1.011905840445473270e+00
-1.716815582423040887e+00 1.684319690982780393e-01
-2.049610526828195223e+00 4.096933255291591025e-01
-6.140531616140971760e-01 -2.947089988009155004e-01
1.241652189539963258e+00 -1.820544126042752398e+00
-6.350356876957577446e-02 4.805674629550549248e-01
2.048325884162231492e-01 1.983241586238748910e+00
5.270393306058148708e-01 -1.082618607175865000e+00
-4.249207165246873252e-01 -1.764419227168809168e-01
1.006782794214299281e+00 8.286148307527214651e-01
3.315912346647830744e-01 4.660906389258842042e-01
3.453757532831139843e-01 4.089362000645238582e-01
3.414533019907223799e-01 1.960516650899775115e+00
1.048476260904489754e+00 9.360882629684996736e-01
7.032710708709226655e-01 7.962026120005497587e-01
-1.426708842478793260e+00 5.128027977954816574e-01
-8.404603997821662453e-01 1.827610207549409171e+00
2.327963464063547705e-01 2.991753951552275081e-01
1.621097722610863157e+00 -8.363009425793782592e-01
-1.374284937648444505e+00 4.238245574630137846e-01
5.024058074538406693e-01 6.114228114592141772e-01
-2.789743529343765571e-01 3.369718674908409595e-01
-5.331034288339179250e-01 -1.401577342911875856e+00
7.225044011178861636e-01 1.168770894757386741e-01
-1.342734091847243683e+00 -1.467764356299233963e+00
-1.139051557231772760e+00 3.693959398720185749e-01
-9.267338697849089035e-01 2.934938280477681349e-01
-1.375782919042146668e+00 -2.566159670668439197e-01
4.119262905340934644e-01 -8.641868040202036472e-01
-6.941556104197939003e-01 -1.340882303591612867e+00
1.039977957727157287e+00 -4.906395205812745797e-01
3.040775493156801582e-02 -1.778833159755750293e+00
-6.027098057302319178e-01 5.226649941296426100e-02
7.065586539826833601e-01 7.703761044534215841e-02
-1.770339306938077950e+00 -5.014063555669461686e-02
-1.612288663331243321e-02 3.922250864293786998e-01
5.016365360399549500e-01 -9.273620980546937176e-01
-7.170038581747191497e-02 6.318388279617744852e-01
7.704189704041644049e-01 -9.279075011382477145e-01
-7.587249691213535652e-01 2.453307080145063213e-01
-3.671146638063110257e-01 -2.875844521309693924e-01
8.466749234058126294e-01 1.494554946018575026e-01
5.828948193347547324e-01 6.138930723777143994e-01
-1.071847948046528609e+00 7.383933628187582254e-01
-4.644486466138517122e-02 -1.609500369823789079e+00
2.370456207613312882e-01 2.364442690271976455e-01
3.592554875149048810e-01 -5.165301865363067790e-01
9.850267702268372672e-01 -7.792580474873012086e-01
-3.958841544052250083e-01 1.083184851031113505e+00
4.932944530833918706e-01 2.322569991405334378e-01
1.728388585509299524e+00 -2.337425984756182906e-01
-1.847081598439264338e+00 2.178939470220001562e-01
-4.007679672052815723e-01 -3.440146501408750668e-01
-8.996218340987722772e-01 -1.029299496996849639e+00
-6.345540670686083962e-01 3.918644833156683105e-01
-1.175810158915934434e+00 4.931144775619502596e-01
-5.439556375707306213e-01 1.528569623668131483e-01
1.505063062103575211e+00 -4.740502576184553174e-01
2.095510265776598102e-01 -1.354784476750838518e-01
9.914336423576611823e-01 -1.505991687159558001e+00
3.952495242735030168e-01 -4.940781481377138906e-01
-1.352326451106114380e+00 -9.298182906661652813e-01
-5.365542666047042886e-01 1.612602125696256938e-01
2.729785610158789178e-01 8.065076032583439192e-01
-8.823645368121864063e-01 -8.028058036289736910e-02
1.348201306191372795e-01 7.444634219063722691e-01
-1.008956768212313726e+00 -1.465901803450689878e-01
-1.494219635096514009e+00 -2.958979405919042183e-01
-1.121073541046914590e+00 -8.484045484288877947e-01
2.698533755437494963e-01 -1.570672512474556304e-01
-7.274644276311781343e-01 1.272724211868112132e+00
9.261069366696297323e-01 -4.805741584370881725e-02
-6.862740224762968744e-01 5.789584962050821071e-01
-4.652932006669014409e-01 -1.714173342707184799e-01
5.115887644616035068e-01 -2.335276758660037588e-01
-2.245557363209248258e+00 1.187424377142749232e-01
1.181769049685937656e+00 3.306089467041180008e-01
-6.415691742802710484e-01 1.600621936859933703e+00
-1.247913062480643376e+00 1.559660467910375825e+00
-4.060762292599766621e-01 -1.399251466976562108e+00
6.033644840993075409e-01 7.669593201488770218e-01
3.618066797921599131e-01 6.032809543347755765e-01
1.102552360416620747e+00 4.109384170778875855e-01
1.199534335105417293e+00 4.786892537021214533e-01
7.849988755416292818e-01 -4.322833504936354765e-01
-4.827474172724601220e-01 -9.814254802613152640e-01
7.248297909056189425e-01 -5.629860547649123692e-01
-3.148172897517932944e-01 -2.651377718907633740e-01
-1.974856250735692875e-01 -2.376757777759017198e+00
-1.176299040045035271e+00 4.306509936505086844e-01
-1.765593251370381811e+00 1.214113551069881947e+00
4.557701059792003684e-01 -5.331730725931234094e-01
-1.204377489756846970e-01 -1.190552444864872161e-01
6.993000675116671783e-01 3.191702428518488621e-01
1.138441682876716321e+00 1.576845492697688034e+00
1.151643703836329191e+00 -2.155193831645804969e-01
5.113459476338529930e-01 3.653100665031953215e-02
6.046572481067860050e-01 -2.501311005584539338e+00
-1.595757642459819881e+00 2.456307823413863112e+00
4.764239809098436140e-01 1.541533379498244871e+00
1.108330503841127079e+00 -6.128216974947833240e-01
-5.727289237726312932e-01 2.747751127459597265e-01
7.118537043986644663e-02 -1.094935986304463871e+00
-1.708885084402657517e+00 5.691462432017582174e-01
9.386680926903426814e-01 -1.546385006417081653e+00
-2.670578152212108383e-02 2.206561866039534081e+00
-6.407329431134003439e-01 8.473582833092299649e-02
1.475810544485728071e-01 1.463523354496289341e+00
-5.460358082586724837e-01 -1.015420908503386732e+00
1.739767092175386498e+00 5.473256972772677642e-01
-1.179739031465202759e+00 -5.399734920879039057e-01
-8.419740912167826830e-01 8.922275561546398892e-01
-1.189822933993358589e+00 9.333824808016600860e-01
1.246600746517751324e+00 5.247904593050247701e-01
-8.796255272792692370e-01 -1.635046481203530078e-01
1.677582740939399963e+00 -5.835681921923933091e-01
2.881642960385302765e-01 1.568179694288547310e+00
-4.920222872922717094e-01 8.965985306659371989e-01
2.358157150086602538e+00 1.040014585384710921e+00
1.079702973927674781e-01 1.917856636420139926e-01
-7.946729307412246923e-01 6.534775673297368304e-01
-6.514722866905117704e-02 -1.665747142763302158e+00
3.602552326338076538e-01 -9.954810456657509077e-01
4.225095587743875614e-01 2.222351892819165897e+00
-8.596695893531113297e-01 2.715703859431375933e-01
4.305402785989243530e-01 -4.036843399998653603e-01
1.071201587435835156e+00 9.042460325964625234e-01
-1.856936329201977209e-01 -4.294432347577979425e-01
-9.728305852902539019e-01 1.430490649989778706e+00
-7.059232416150226785e-02 8.028509221410554675e-01
-3.016309013877866430e-01 -5.579012070051260208e-01
-1.230141917676069951e+00 -3.649117571354510980e-01
1.079008489778584989e+00 -2.641756709045858798e-01
7.131233797974042554e-01 1.990225177941621792e+00
9.613594076674698563e-01 -1.528502444021331286e-01
2.494901408132500276e+00 -4.624475214492090869e-01
-8.733565174475521609e-01 -7.970769538660255060e-01
8.532348768179139897e-01 -7.306149609776004805e-01
3.831912175474221360e-01 2.105608836717519861e+00
4.588003923371996029e-01 -4.445540210477449405e-01
-3.191375394230587803e-01 -1.307359069719606026e+00
1.027299936468244246e+00 1.794948243670579036e+00
1.291364628201885578e+00 -5.685425165408142245e-01
-5.447484185370236182e-02 -1.352599514136191949e+00
7.323186838924996556e-01 -1.043922365937270502e+00
3.263012194380573439e-01 1.488357924055201120e-01
4.389353713765749565e-01 -4.175542473746430283e-01
5.848130508915750508e-02 -4.435026005578381336e-01
-1.787479435849158360e+00 -1.043096407747918564e+00
-3.272043057511518360e-01 1.454074618855185630e+00
2.175086370099796440e+00 5.086238474973485690e-01
8.753402577950197827e-01 -4.316192414820096968e-01
-9.532798377411814128e-01 5.225639425819704753e-01
-8.260717082168972381e-01 -3.644999277859400366e-01
1.067318112371700822e+00 2.353614650082636872e-01
2.342321726695581474e-02 2.180291357507908589e-01
-1.211719417636571094e+00 2.668847219552347022e-03
3.088920379908614011e-01 -4.455271125714803659e-01
-8.561873496451134768e-02 -1.998543071604649002e-01
3.867110908900807664e-01 1.052463142221065961e+00
8.486691735995114394e-01 6.095862056464394080e-02
-3.112644943605634484e+00 -2.170126848749078519e-01
1.412157134574382633e+00 4.636197306041396349e-01
-1.312880882215341938e+00 2.438721430063519879e-01
1.438667634932098371e+00 -1.003604716076460290e+00
-6.639537882710716543e-01 1.202059134280659025e+00
-2.145784606895783653e-01 -1.947887491482943045e-01
1.155512283996802836e+00 6.995146509046328287e-01
2.013521641439950383e+00 -8.259835453388780779e-02
1.908374613598535552e+00 -8.052581516742486623e-02
-8.713794828848210328e-01 -9.678236559572298559e-01
-1.564835409169211822e+00 -1.157025507105650552e+00
-1.391933431753702877e+00 4.854032166198813947e-01
-4.944948377823534802e-01 2.056741929926364509e+00
-1.140770694842734079e+00 -3.861945188433372200e-01
1.020888113050868240e+00 3.518074290526563841e-01
1.082441000191701308e+00 -7.080935999509252454e-01
7.232169795556778746e-01 -1.110280711515068797e+00
1.288046050706703527e+00 -1.004000416349417391e+00
-1.833282407428070915e+00 2.842994077607080006e-01
3.223022673690421891e-02 -1.270314509655863011e+00
-3.667667089749138687e-01 -1.431366104958817775e+00
1.301955311884155142e+00 5.943608340231896214e-01
2.515168509897985349e-01 1.257599291186411117e+00
-6.655041995394171961e-01 -9.755443855045604629e-01
-1.486124100319030195e+00 -4.521611002404996582e-01
-1.429055380431291933e-01 -2.047473863916788428e+00
1.186853141099780240e+00 -1.111166836007795089e+00
-1.233817149107786948e+00 -6.717110608695783802e-02
-1.731360910049556667e-01 1.180080755704139950e+00
6.467218460881041242e-01 1.309751058368983978e+00
-8.839407637230436432e-01 1.011886741683784896e+00
3.531928935776182943e-01 1.683301633284748910e-01
4.690786322802808495e-01 -1.784077623751172625e+00
2.840753807268382447e-01 -1.318098770533665753e+00
5.130511975250404699e-01 6.431092770864417218e-01
6.699362155074249647e-02 6.358077374485546773e-01
7.015886980914431970e-01 1.946357893375112447e+00
-1.556496901538872990e-01 -9.475031362440669014e-01
-2.880543762952581521e-01 -8.479091333426111987e-01
-8.279057767062774076e-01 1.633273485287355609e+00
-1.189633871000242427e-01 7.349613493331939029e-01
-8.447357974089308996e-01 -8.056095492010972858e-01
-6.949944863619301749e-01 -3.171822735238548630e-01
8.383799085718047772e-01 4.122441187978647115e-01
-3.871234998192701338e-01 5.213095215030569829e-01
-1.558097724754814228e+00 -3.545347220928589671e-01
5.033062468720553989e-02 -6.850682692612983793e-01
-5.295966757469054986e-01 6.630507455635330227e-02
-4.388988217409333648e-01 2.232406779627841009e-01
7.736240619115472006e-01 -7.395469446475706476e-01
-9.489784390540941805e-01 -1.013276971744137001e-01
-9.460428332599077894e-01 -1.050554280180825639e+00
-1.006312969017852721e+00 -2.381828807015164529e+00
6.651721549450683169e-01 -4.932230519934046598e-01
1.495045138204197155e+00 1.374085119967984880e+00
-1.043437890634272419e-01 2.100381056130824486e+00
1.044208556755302997e+00 -1.942097403925440613e+00
3.440681191931013738e-01 -5.576544423407397977e-01
8.615145565633848257e-01 2.269524710489411456e-01
-3.120497870883910951e-01 4.184446148502244389e-01
5.819669596331709105e-01 -2.936940012805735467e-01
-2.503666640075522754e+00 -4.315938444914184657e-01
-1.012684046058326404e+00 1.161102700321423820e+00
-1.966204752856282933e+00 -1.868775113563736490e+00
-4.467876406609557205e-01 1.841844462733734367e-01
6.997465495963077764e-01 -6.150710649617887604e-01
-2.133288749189435674e+00 7.467426456147087110e-01
-6.347602312407155667e-01 -2.334551038971919013e-01
1.188137206284372249e+00 -5.714521662987905731e-02
-1.534407278997770963e+00 1.060062885270802946e+00
-1.818176405156263886e+00 -1.355238311299763465e-01
7.320742668810112930e-01 1.606829163235261371e+00
1.493515116416661570e-01 -5.928449205294791247e-01
8.400915066959324662e-02 -6.041503043976106380e-01
6.495704106309659887e-01 -4.200996424202609325e-01
7.466529829211907554e-01 -6.695014553734053298e-01
-8.135343291508606578e-02 8.431449049981853960e-01
9.671194835990079008e-01 8.163908595546901514e-01
1.453092556408206226e+00 -9.772005852353670141e-01
1.553456942812422026e-01 1.124833065025307333e+00
1.268733719875431987e-01 -4.229551367837464659e-01
-1.889930984545059797e-02 6.447821660578971492e-02
-5.740540719567581718e-01 -8.234986506045961496e-01
-3.882199893215868558e-01 3.935711705014606765e-01
-9.090198308398229621e-01 -6.169373887759316277e-01
2.121732050754971954e-01 -7.443163440260156527e-01
-9.817648670480259021e-01 -1.603447937002151491e+00
3.511120772022472969e-01 2.178443589355427701e+00
-1.753232635888342772e+00 3.200837866707069712e-01
-1.888001666433791970e+00 5.278122588029727780e-01
4.171752007652966276e-01 1.128675846931674887e-01
5.272347260292799959e-02 1.528663572937587700e+00
8.053069281242447586e-01 1.219424837790313632e+00
1.356197040430640322e-01 -2.153437250471505193e-01
-1.298601787674381391e+00 -3.234117175353970475e-01
1.177929252889121509e-01 9.387183160017583683e-01
-6.571250875850961348e-01 6.000011237263654928e-01
-1.073797828221665585e+00 -7.405083593829759891e-01
6.536685981182976946e-01 -6.993256305192007138e-01
-1.037407035796913846e+00 8.438785696473344311e-01
1.810353336475437391e+00 -1.391132056808370487e+00
-1.609655483406320642e-01 -3.134987557989558082e-01
-1.588489185217702437e-01 -1.529771394096671067e+00
5.155648757769131646e-02 -1.106729868127425798e+00
1.018599239560856740e+00 -1.666522231749933747e+00
-6.339655943413381456e-01 -9.280893140992143575e-01
4.211518929631316577e-01 2.327135836667106439e+00
-3.221170179011536017e-01 1.502972012860246176e+00
-9.881136669959297292e-01 -2.939788108697959923e-01
2.800391179542803255e-01 -4.899825806394966232e-01
-2.035240183691511273e+00 -2.904062378989407112e-01
9.554787247688146801e-01 -1.035282056694197594e+00
1.775203665036091394e+00 3.892472725764445363e-01
-6.518406067899513712e-01 -2.922204102505563186e-02
2.545646895199212834e-01 -1.237725174598473421e+00
-1.412841446476454099e-01 -1.290930572179964028e-03
1.038499547337888629e+00 -2.247670498734645861e+00
-7.010955915536373206e-01 -7.106163855969501730e-01
5.533964303223815051e-01 8.278626071357316762e-01
-4.629017498612865156e-01 2.383809088373314289e-01
1.235819187283278102e-02 -5.463176798340193541e-01
-1.869268178303379990e+00 -6.902298446166846846e-01
5.603212165939569500e-01 5.238800309445545977e-01
-1.727373649336415018e-01 -2.261286593882520624e+00
1.208596226666974083e+00 2.644691867502363958e-01
-9.384758645939828003e-01 -7.108769055476670262e-01
-5.701651587066085547e-01 4.889659263513801424e-01
-1.577853390482081508e+00 2.970279204982040344e-01
1.777555713789675529e-01 5.061057303811877794e-01
7.609597202145950146e-01 -1.777806746235388147e+00
2.397813942922755626e+00 -4.780693451608148958e-01
-1.032064930031131533e+00 1.222312389633096075e+00
-8.588464957178802012e-03 -2.014774154960870256e-01
8.067733621042142422e-01 1.717695107371244312e+00
-2.599272241691844010e-01 -1.745622259977181123e+00
9.263507506475145981e-01 -1.780127904833774810e+00
-9.788614089941357621e-01 2.764031392322461866e-01
-1.835539267566484334e+00 2.019385913375854325e-01
-1.820731871042571060e+00 9.901802509094137505e-01
-4.638873831886866084e-01 -1.138877495360525460e-01
-7.613535445328811768e-01 5.911422734596976508e-02
-1.590895645737534225e-01 -3.799551418764753885e-01
-1.658579881019723423e+00 2.883211413416525981e-01
-2.027068951757744042e+00 -7.837158254067073671e-01
-4.453024108186465768e-01 -2.429924115166419263e+00
6.741395177077605938e-01 -2.065182363888307671e-01
-1.388462281487591099e+00 9.389951499295567938e-01
-2.745161020958978848e-01 -1.046086689861509322e+00
-6.358667734483929301e-01 1.573908760480516644e+00
8.161888202268038350e-01 1.825805806443488555e+00
-1.776614797177562766e+00 -1.844665645812781696e+00
3.505989112838315269e-01 9.138480681086801338e-01
1.047434082486016355e-01 6.642381811893950661e-02
9.011347806161600360e-01 -1.071880799638370435e-01
-1.326708182154594740e+00 1.303783904328696119e-01
-2.270472449262708470e-01 -5.857805812155771896e-01
1.404699765488579777e+00 -3.458912393985382194e-01
2.610980187117809548e-01 -1.369369205657930966e+00
6.187495729020471291e-01 -4.046857500350772852e-01
-1.865821684863443020e+00 1.170885395472746504e+00
4.401290213598562095e-01 -9.424300183826243016e-01
-3.004032846850589467e-01 -1.124208863074468878e+00
7.583684361272838848e-01 -1.397611085469339320e+00
9.495625658237389910e-01 7.735832486923738260e-01
-8.777274616242916605e-02 1.917607307200684064e+00
-6.954534790964875812e-01 8.115056816332644196e-01
-6.329949041176902158e-01 2.170948692875236397e-01
2.927410766350030946e-01 -1.820199417971985478e-01
-3.146505667152820207e-01 5.865701068381101030e-02
-9.543255262650518489e-01 7.948392494322872315e-01
7.091957502058992002e-01 1.288057696708550859e+00
4.906995748003244451e-01 3.131949573079588212e-01
4.305744532169928362e-01 -1.344091306946532782e+00
-6.286099389091444056e-01 -8.480993795058855422e-01
-2.292619989591509366e+00 -4.114969460952401237e-01
4.477473864952202232e-01 1.161662712064244311e-02
-4.073044674308883839e-01 -1.732328772806912998e+00
3.096067475656542056e-01 -4.006571146289212293e-01
3.623645169684571177e-01 -2.054922172323585983e+00
1.000638408964072301e+00 6.751119905800196941e-01
-4.016901353559197974e-01 -4.868387150724099999e-01
1.173747545223909672e+00 2.235398872378445145e-01
1.619112982641818244e-01 -1.229562109780178991e+00
1.620669856558999200e+00 1.674336400260315605e+00
-1.074469719187168791e-02 1.348596743537672671e+00
-1.148629915344787200e+00 2.001545935473966753e-02
6.000614212455147589e-01 -6.431211498827752449e-01
-5.929343684019290628e-02 4.783150407242833801e-01
2.248097707202049711e-01 5.174132355862910426e-01
6.011961197257376793e-03 -6.964986205996299695e-01
-2.252974599723785332e+00 2.045818491337370315e-01
-3.906320790953766164e-01 1.422112277528609470e+00
3.710399383887627578e-01 1.001608637453812678e+00
-6.195557402890986554e-01 1.447886171103470454e-01
-2.251247781309369256e-01 1.132185520442965609e+00
8.151157847486927288e-01 1.317082499927682004e+00
1.385031875653753186e+00 1.637477333969009075e-01
-3.667122067561473520e-01 -9.952056909499252813e-01
-3.219427240722304018e-01 4.340262407362279612e-02
-2.473336723293533823e-01 2.216064445819740936e+00
-7.514076523570507871e-02 -9.970887523121804707e-02
1.969350551957509687e-01 1.565749516439134126e-01
8.441456302033520931e-01 1.015085874020369650e+00
8.367339306714730585e-01 -1.691878070319136063e-01
-7.194911158745675994e-01 1.366431317722593443e-02
9.440413213801928105e-01 -1.157939978878396392e+00
5.184333659980748799e-01 -6.692866056226255411e-01
-8.921601414493254834e-02 -2.003602941900413659e-01
-2.106689039898885785e-01 6.376708554196780510e-01
1.453863641147436381e+00 -4.062791766962180473e-01
1.237900346866329659e-01 9.826796116564983086e-01
-7.364022901775257868e-01 3.709675126228815789e-01
1.279689347091831575e+00 -4.160619512576718693e-01
-1.257016369297881742e+00 -1.820019329542361231e+00
-1.364392996329706342e-01 -2.130427619875386647e+00
-5.804249349305719008e-01 -7.130680708132240975e-01
5.342365072232838630e-01 2.937051210348909924e-01
-1.605423807412764692e+00 -1.303890497798504189e+00
5.182096501726046744e-01 6.332427548510852766e-01
1.152625279110127687e+00 3.722333845315233258e-01
6.122461951617493847e-01 1.710275068126874132e+00
