1.066579325206475914e+00 3.576394871992027297e-02
9.227101670567569025e-01 5.876542773809730058e-03
1.030987526129338194e+00 -2.341305703748821493e-02
1.013097218958655565e+00 2.431363393828679664e-02
9.998974938542377622e-01 1.645043519049146225e-02
1.021155890331248539e+00 9.162555440919691041e-02
9.510333387951722672e-01 8.917938210390610743e-02
1.010460561915245359e+00 6.631305442654616966e-02
9.419017797151181259e-01 5.710176704746051241e-02
1.072621988884450372e+00 2.641432670391005710e-03
8.991324001816799472e-01 -2.425242869205919416e-02
1.010906439688815439e+00 1.884465679932289528e-01
1.053332069769938650e+00 1.591085846912068114e-01
1.001610019889884740e+00 1.516535737725006050e-01
9.825557077045575793e-01 1.186870046057671158e-01
9.821783128638614802e-01 6.683089601296379745e-02
1.001566192219067508e+00 7.675505973364105117e-02
1.059701600859543680e+00 1.165746522537243063e-01
1.013596205742091971e+00 9.619996510211033247e-02
1.055677696596253767e+00 8.273621834269059838e-02
1.025094684613849561e+00 1.080394803266184478e-01
9.443011398324006045e-01 1.073596178146700164e-01
9.501936607165485382e-01 1.274297753203292305e-01
9.725773584528391025e-01 1.599058602444698718e-01
1.016863935312195988e+00 1.431533372476623267e-01
9.863437809948654156e-01 1.712000807446146522e-01
9.596386935470384572e-01 1.983681791057858856e-01
1.027698376472872432e+00 1.793475663311912827e-01
1.104237749840543570e+00 2.212431164177358633e-01
9.777653476705632229e-01 1.634558391720215831e-01
9.706072851939832047e-01 1.626659119088363359e-01
1.037454150615098492e+00 1.590419088452221241e-01
9.757183945683389759e-01 1.736399729630701272e-01
1.030804422395250164e+00 1.353414107080271878e-01
9.590523118929694668e-01 2.063301869414554679e-01
9.917883515429658514e-01 2.416184560740368692e-01
9.636356170279557487e-01 2.741661098369540528e-01
9.887287587693335267e-01 3.542253088993484456e-01
8.961023875236885372e-01 2.679939085043034352e-01
9.177507192973506367e-01 2.031751612863157419e-01
1.067712012169305780e+00 3.364184016942172173e-01
8.740605585456804327e-01 2.441312248540514762e-01
9.619511666632277747e-01 1.547664018665264596e-01
9.611375009088073407e-01 2.870908065014312616e-01
9.727395580895487059e-01 1.737651957288394722e-01
1.015520861352008808e+00 2.917623815852685154e-01
9.552609403403683475e-01 2.478797534071704445e-01
9.921375987759663007e-01 3.375157584903716312e-01
9.305801830916918815e-01 3.020980228719865046e-01
9.941421227169958685e-01 2.058975809550418756e-01
9.567355606708483062e-01 2.142428526478105666e-01
9.027482114131119006e-01 3.390835067202259689e-01
9.396696225497207511e-01 3.015567462052095582e-01
9.300455226089180405e-01 3.699290773294514056e-01
9.781055420450265325e-01 2.940972018896014228e-01
9.552929915692354168e-01 3.158490696798191277e-01
1.058706887566337462e+00 3.083369271120489641e-01
9.206566226969201683e-01 3.337623131771632612e-01
9.121170903048123613e-01 3.641493418873936738e-01
9.454541863065989427e-01 2.820391664652748265e-01
9.008424368875873611e-01 3.028045101003406514e-01
9.889679137240072748e-01 4.979377059652366766e-01
9.939420518938645310e-01 3.978128213662674439e-01
9.734923835591220431e-01 3.946563108850656421e-01
1.002751987657034105e+00 4.255095976372687550e-01
9.059319400620371443e-01 3.414213349958209465e-01
8.829078940107728535e-01 4.193584269280589139e-01
8.510547133236529005e-01 3.983292501488297499e-01
9.767471536142654509e-01 4.166201706303572228e-01
1.006388391678061156e+00 4.932322878795274979e-01
8.900699447628142025e-01 3.586111199073178657e-01
8.993458108084914082e-01 4.082230141923831601e-01
9.178962507049891473e-01 5.186513790989504269e-01
8.400784802703815668e-01 4.241458241135298013e-01
9.100407414095542658e-01 5.059645390504518003e-01
9.161131140771711090e-01 4.755466159721256081e-01
9.549237147228455402e-01 4.851053252731279408e-01
8.729296990478214724e-01 4.688733925198305119e-01
8.464749309060956017e-01 4.989034814372734217e-01
9.259671659418128309e-01 3.281328140795125581e-01
9.367283958668968236e-01 4.798101183911400169e-01
8.958094691930257314e-01 5.212592269516269639e-01
7.549193798438730285e-01 4.338290843447719647e-01
8.498945168963747410e-01 4.595214692464569817e-01
8.770988956083467514e-01 4.787911872398972202e-01
7.746431563603950465e-01 5.405772264002924876e-01
9.119755492285553933e-01 5.435854512940364591e-01
8.180675055910788807e-01 5.077098877792183274e-01
8.778334395256311984e-01 5.562772100385310337e-01
8.974259444146879261e-01 5.167394994386411700e-01
7.726761374489284906e-01 5.028359380190847716e-01
8.670182371331740523e-01 5.792831975768529817e-01
9.481470044203276215e-01 5.532232626083029015e-01
8.456626025874571795e-01 5.437572689805567627e-01
8.096497198180669930e-01 5.969470840387337551e-01
8.440815006054502856e-01 5.527083529916932969e-01
7.688614183815064562e-01 5.621105202950302804e-01
7.997032310871482474e-01 6.361918586526368324e-01
8.629822245951953574e-01 5.274640688154281776e-01
8.703255907407765335e-01 5.551042611551383343e-01
8.149331151190464251e-01 6.489406578578976736e-01
7.533156224952156643e-01 6.019004464346467964e-01
7.442746472456932549e-01 5.018689889163971962e-01
8.463417022160715231e-01 6.053750862610263184e-01
7.520752403497249494e-01 5.296419356684143320e-01
7.692703485847359746e-01 6.810601562109793727e-01
8.055865265683473941e-01 6.002704544797223818e-01
7.479498492663232412e-01 6.291319312683966158e-01
7.002427226555798523e-01 6.959897274909043752e-01
7.987936005994529243e-01 6.933500853776111139e-01
7.414543429886789605e-01 6.812320312771484865e-01
7.999898423027655969e-01 5.666698881096992046e-01
7.689772749148814368e-01 6.638861138002394302e-01
7.286878060225050469e-01 6.349035402922166282e-01
7.751173812576084288e-01 6.557718652727433373e-01
6.989168673812543586e-01 6.919700083011443015e-01
7.563584278546370276e-01 6.795596262312997293e-01
7.455410681167642384e-01 6.942286775854151770e-01
7.222087915319297391e-01 6.332899467643242630e-01
6.951444428475778148e-01 7.363300778739693131e-01
6.270475216354388648e-01 7.126748214429041717e-01
6.514874267594800150e-01 6.097745555690141650e-01
6.689141782291976313e-01 6.818823224838473918e-01
7.513797057190703121e-01 6.143533212417420231e-01
7.941415032356093917e-01 7.619462560115964900e-01
6.993642795279216839e-01 6.937065610664298054e-01
6.538435882703932389e-01 7.420515902406709108e-01
7.004597267502603586e-01 7.876552377653082138e-01
6.581806889894111778e-01 7.488232593218242528e-01
6.861167113038993959e-01 6.834206958325590442e-01
7.784681412467671091e-01 7.440684564291460967e-01
7.097556793733913461e-01 6.809475414636505519e-01
6.379750296408311927e-01 7.428415365033255169e-01
6.402197011799793946e-01 7.729650270999032236e-01
6.866705791914234913e-01 7.079466640193520233e-01
6.696826260912938089e-01 7.514353683807633022e-01
6.470894103730702174e-01 6.979340321843771067e-01
6.087491240896915068e-01 7.700077639075486591e-01
6.964293705765787212e-01 7.150558149541741404e-01
7.017692121512881798e-01 7.767482884398372311e-01
5.725737462120255028e-01 7.878052036628641064e-01
6.754828487994462005e-01 7.888446443496914817e-01
7.422548334817419269e-01 7.950167528261715688e-01
6.660062064682708005e-01 7.840620633112784787e-01
6.654366192264680180e-01 6.676288313402929386e-01
5.685872616570107896e-01 7.730588210220350476e-01
6.316659706763582127e-01 8.045232159681036110e-01
6.557131790658249360e-01 8.167560231094338485e-01
6.067766639689587960e-01 7.954265913135895039e-01
5.995401187328991410e-01 8.478943752610265117e-01
6.240211855500426008e-01 8.541000046721297645e-01
5.691464170182575222e-01 7.790477462867924086e-01
5.524392374935280792e-01 8.349170010541006048e-01
6.514242849320747153e-01 8.330203452758923044e-01
5.899211035780439483e-01 7.417008041329103962e-01
6.944636181912342554e-01 7.729999047729561035e-01
6.461321487573341571e-01 8.038857899846928445e-01
5.978814878480873674e-01 8.759283715154376759e-01
5.479430033835271940e-01 8.302931459889634214e-01
4.924010610097261931e-01 8.393465267514638173e-01
5.891814948087256143e-01 8.640118412596778930e-01
4.846185992622366601e-01 9.066542456542251438e-01
4.632549784597167486e-01 8.625559355485936663e-01
4.735035640271766932e-01 8.162081295077998622e-01
5.666541668261924070e-01 8.354451080462513834e-01
4.314982513311681478e-01 8.348618296656723503e-01
5.396474247630924648e-01 8.285042402615597767e-01
5.570998706276693024e-01 9.185305101493528301e-01
4.945496207275363321e-01 9.299107336677934210e-01
5.785383287367626970e-01 7.751155068694344230e-01
5.377112276902462629e-01 9.078000095817242432e-01
4.581837346551126400e-01 9.135469664516444599e-01
4.886283096162126194e-01 8.545027391607784573e-01
5.376325618916899529e-01 8.932548102285220448e-01
5.170487517473245642e-01 8.768539544896624127e-01
3.702467158606896902e-01 9.042446426711544527e-01
4.346471511740830906e-01 8.317915062356930900e-01
3.561603882671510735e-01 9.284481327121687499e-01
4.985834006182525147e-01 9.702495966023466645e-01
4.561328906052076193e-01 9.033092227022806453e-01
4.331984197173489037e-01 9.080284820032042958e-01
4.577506812842568884e-01 8.837824351241481136e-01
3.492093518009324882e-01 9.000901759394406287e-01
4.164085293678405630e-01 9.008667722612785367e-01
4.020752630865940813e-01 1.026220509382266055e+00
4.392273432412833190e-01 8.493361392867342374e-01
4.219005014965067080e-01 8.123154994892026748e-01
4.143578274299223319e-01 9.474398004197396306e-01
3.788930059344166601e-01 8.774883481015320896e-01
3.225646053031949734e-01 9.489591114862104826e-01
3.351838661911257233e-01 9.725086124201662852e-01
3.288517520730652177e-01 9.147803734773365392e-01
3.921255925232057793e-01 9.334915148346429881e-01
3.399372774013641463e-01 9.508775995214450161e-01
3.611140718987996268e-01 9.353771742944581025e-01
3.477330245491510041e-01 9.359156165795278204e-01
3.510714055943349177e-01 9.581995651895646171e-01
3.497563371756076678e-01 9.860843922725109900e-01
2.670509672079018348e-01 8.800106361163535507e-01
2.992822716269702421e-01 9.413177925426450265e-01
3.297402387239647958e-01 8.908389238538753085e-01
3.102510460210943233e-01 9.755157606473463527e-01
2.128647244566268526e-01 9.773638424181116946e-01
3.584807503177968036e-01 9.636861774290694793e-01
2.379836219490052696e-01 9.304060813401466845e-01
2.727639600802670983e-01 9.349218142340850468e-01
1.102355877138306850e-01 1.035867983239053824e+00
2.410440553340102987e-01 9.554650860116250533e-01
3.045496201084626486e-01 9.778237205073175842e-01
2.277946389391989623e-01 9.630195249152803116e-01
2.728979367993227267e-01 9.967796016212255861e-01
2.304448252938342268e-01 1.010502595176220986e+00
2.731592995710422356e-01 9.478733621620549776e-01
1.774855068299014127e-01 9.900916833699993091e-01
2.505964196418750678e-01 9.521313750358960659e-01
1.937096632694104148e-01 1.003317166539153371e+00
2.171991282436988857e-01 1.045780577060339889e+00
2.289552635622798815e-01 1.098345974051239127e+00
2.234790832339268174e-01 9.355923640203134273e-01
1.809528233110637985e-01 9.768467174167568823e-01
1.006372281720004508e-01 1.016637963775729903e+00
1.815047909518875680e-01 9.827935845484662147e-01
1.446042801530638133e-01 9.297435717850377479e-01
1.552084303536102605e-01 9.423436602945346463e-01
1.603926377918197532e-01 9.418283973227206118e-01
8.284796100928899787e-02 9.928629861688808012e-01
1.571016176733486258e-01 1.016236991043843796e+00
1.439984988096431606e-01 1.063266449517303869e+00
1.031477759824145080e-01 1.046328183524837252e+00
7.907379025419639107e-02 9.575657971487646636e-01
1.019960308775399171e-01 9.800997488831179050e-01
1.926012694367954525e-01 9.607528973520186311e-01
4.650255359365439156e-02 1.031680554664990312e+00
1.024981660159120234e-01 9.167321664100700485e-01
1.147473151548651371e-01 1.042360630761879348e+00
7.188818187626545841e-02 1.073846512714673240e+00
1.621487837353071670e-01 9.618058871061930803e-01
1.218419275887595854e-01 8.920153786971878329e-01
8.085293088876187306e-02 9.594886782930295288e-01
1.144480418762154339e-01 9.540895643920078717e-01
1.111662471918030831e-01 9.580674408191869329e-01
3.207339467262518284e-02 9.607976703631255777e-01
5.822562726320617416e-02 9.302297126994959475e-01
7.324904555742858814e-02 9.654876986126806893e-01
1.467131786162556573e-01 9.870761971741091045e-01
-9.853010871923358754e-03 1.023638141333646834e+00
-1.955652428685841770e-02 1.029416695949153526e+00
-6.700164657720684980e-03 1.024260934446291627e+00
1.225926139590882875e-02 1.027244632188701212e+00
-3.100823682220201633e-02 9.670441799865435728e-01
6.881480319329642825e-02 1.069102376652809383e+00
3.662249663585794707e-02 9.713110478354546329e-01
4.801366274180184079e-02 9.834345355374359832e-01
-2.935047612734680705e-02 1.052679066509977668e+00
-3.388122820060861240e-02 9.976546475241716561e-01
-5.073802810103829330e-02 9.661122666447501395e-01
-7.614212891642241354e-02 9.814746527785711550e-01
-3.960441127307486042e-02 9.836754134233329783e-01
-1.124312835147818490e-01 9.911118267233628432e-01
-7.102907020569131091e-02 1.001719640929761734e+00
-4.345415963999982312e-02 1.012519279519721982e+00
-1.137136967921471009e-01 9.559566000657335749e-01
-1.032413771526426022e-01 9.593239503147532599e-01
-1.643097365372288288e-01 9.729537341481705459e-01
-1.627179460815835754e-01 9.326612304910750773e-01
-1.594421679314503293e-01 9.425866072158611830e-01
-1.603034750308346967e-01 9.490619872212684438e-01
-1.229653241772445393e-01 1.034669477098256518e+00
-1.835757871056216683e-01 1.046201232201596776e+00
-9.623245411646144665e-02 1.019147963608964202e+00
-1.413833153635361550e-01 1.001288985479914073e+00
-1.068001469237807033e-01 1.022225470533068892e+00
-1.581791409408155324e-01 1.026842648319023166e+00
-8.726644103336374247e-02 1.037603213095029231e+00
-1.184416855049251482e-01 9.578781847100337199e-01
-1.596180391189387371e-01 9.944924353531086059e-01
-1.891921309357829095e-01 9.970427207318195428e-01
-1.638325210952692179e-01 9.825498746906010661e-01
-1.859637070543477821e-01 9.821792408517562301e-01
-1.829786973931778193e-01 9.644737544887835856e-01
-2.120539002199474110e-01 9.790780265042462460e-01
-2.532072799922712170e-01 8.875316475542975869e-01
-2.140142478989175978e-01 9.201795177837380768e-01
-1.271103224774915996e-01 1.014012579941959258e+00
-1.530929941610446599e-01 1.013140027463103943e+00
-2.376951340280569758e-01 1.000172400777364912e+00
-2.017816345103964903e-01 9.048191236294764739e-01
-1.946689423336065705e-01 9.274441996566609170e-01
-2.989378245739729434e-01 1.007827084065374690e+00
-2.747703342662972115e-01 9.211870994132937973e-01
-1.928291519967207934e-01 8.793603519686754577e-01
-2.968328212483949402e-01 1.022273578037786734e+00
-1.308049319651560793e-01 9.676383460583465324e-01
-2.247814392415319884e-01 9.128821231012405057e-01
-1.727589700063051903e-01 9.315013101090235947e-01
-4.233562529082375292e-01 9.647279697304420587e-01
-2.814563163472705298e-01 9.182510606433935685e-01
-2.817313945083368409e-01 1.021263116037365082e+00
-3.680736725264043829e-01 9.787500837690494837e-01
-3.558502935885994312e-01 1.026130671245841786e+00
-2.840726921276032213e-01 9.242386728043265887e-01
-3.047922567031072782e-01 9.284314370123288862e-01
-2.921162925678486566e-01 9.446495974385937799e-01
-2.650669272653505826e-01 1.076937917166383540e+00
-3.192903871485734957e-01 9.853411613797201651e-01
-3.234789440746406730e-01 9.142399674491492600e-01
-3.241065055463633326e-01 9.862442798848414238e-01
-3.118099616566510912e-01 9.430204526673606757e-01
-3.677587912232190837e-01 1.024447041057697350e+00
-3.194435437308346115e-01 9.997813979875962431e-01
-4.043640794319777743e-01 9.994751429656753006e-01
-4.505303983430209436e-01 9.498560789549700401e-01
-3.819403415049644201e-01 9.316687245716676058e-01
-4.097635658682999282e-01 9.676877129550222056e-01
-3.680955306499307800e-01 9.284369058231508598e-01
-2.975035976041714436e-01 9.682748082147686342e-01
-3.973789972819602445e-01 9.130563701500858942e-01
-5.116440462202272998e-01 8.790115745135558267e-01
-4.420861451488554694e-01 8.678938816648583687e-01
-4.291711048677006035e-01 9.968287804177177192e-01
-4.037181452609207577e-01 8.913707476934921159e-01
-4.893777684582413245e-01 9.479699959772291962e-01
-4.522783953707222304e-01 9.911249778135845512e-01
-4.385150138040782020e-01 9.665147228302168880e-01
-4.283940753324339545e-01 8.957876842395477990e-01
-4.513256707198031736e-01 9.204203209694852283e-01
-4.645677742551480027e-01 8.078700665772098333e-01
-5.630345185791545415e-01 8.474329714044286366e-01
-5.152406150863361178e-01 8.908082405733497300e-01
-4.864078273234371808e-01 9.019851565066139276e-01
-4.965290488958253867e-01 9.023909550002814361e-01
-4.739825030456056298e-01 9.264177581588025623e-01
-5.413757161659373818e-01 7.730656750205384675e-01
-5.328590484752440126e-01 9.013988746163632548e-01
-5.401740460627877383e-01 8.378460279749097017e-01
-5.771238680010941646e-01 8.098771727131581777e-01
-5.277680367441133225e-01 7.680057247325797753e-01
-5.309865056419703633e-01 8.529601379997018284e-01
-5.387076737889979761e-01 8.549839751423857770e-01
-5.673122308845869322e-01 9.094844060211340064e-01
-4.998245755960065706e-01 8.024711541827143080e-01
-5.485572837317933548e-01 8.054015481506905383e-01
-4.864048946690253672e-01 8.291896882989633344e-01
-6.152919489192414382e-01 8.739974118303104333e-01
-5.299066136488896905e-01 8.179958573929927423e-01
-5.918796633356755432e-01 8.037023383060309945e-01
-5.739472308681624613e-01 7.681109673554478157e-01
-4.857469627682997615e-01 8.137420194223422554e-01
-4.708999470604863791e-01 7.911961142113186352e-01
-5.967279856665212989e-01 7.953915022606398155e-01
-5.460202979117266819e-01 8.563814756860580468e-01
-5.806409702088096703e-01 8.595697915274307377e-01
-5.435470071732441122e-01 8.488970957034485121e-01
-6.272920564929692633e-01 7.379178350986043133e-01
-6.927857282294517249e-01 7.183332542793595676e-01
-6.322241805380903745e-01 7.229606414514270218e-01
-6.267960040356649332e-01 8.581725949378752327e-01
-6.341031467216670103e-01 6.850010993331997478e-01
-5.891757980457182908e-01 7.643649678839474770e-01
-6.610357380963348684e-01 7.580848121653410709e-01
-7.071784277814884279e-01 7.685433263006697935e-01
-6.080023930866249593e-01 7.123255716108987112e-01
-6.220278721705713165e-01 7.899457478759775997e-01
-6.837089334168928723e-01 8.058344473877195879e-01
-7.179717099036505568e-01 7.732207564915440923e-01
-6.719294392139926186e-01 7.429397956725627417e-01
-6.500135580126397139e-01 7.535531495484805165e-01
-7.722319921853280089e-01 6.737914524452173204e-01
-7.327727791204403651e-01 7.225735592945082830e-01
-6.443506236926043185e-01 7.830290379057052164e-01
-6.543487915151329215e-01 7.345284834638060589e-01
-7.410046330118288394e-01 7.804936545692108263e-01
-6.917228345369466069e-01 6.551511461733742214e-01
-7.325175041397820053e-01 7.735525660120822211e-01
-6.342978876532778809e-01 6.614233765600203707e-01
-6.050358255314641776e-01 7.493454893521906968e-01
-6.864459794715381813e-01 6.408000122492969464e-01
-6.116440810296054353e-01 6.920977591644049687e-01
-7.611909659683945284e-01 6.685284396074354651e-01
-7.331772934674833930e-01 6.361265913360931723e-01
-7.015367828612377732e-01 6.751906474722072504e-01
-8.231249630187588151e-01 6.327377758746854930e-01
-7.974876724206441114e-01 6.313877747642512306e-01
-7.724499406850202643e-01 6.764735154215556490e-01
-7.638855888195513755e-01 6.530512886750323709e-01
-7.907704781956343965e-01 6.920101796728437282e-01
-7.712872088314647323e-01 7.524123726355861352e-01
-8.062112374946679427e-01 6.460799301440098841e-01
-7.005811532723830171e-01 5.860185327073034189e-01
-8.171770759132657158e-01 5.827076359164115038e-01
-7.801274960413261406e-01 6.189781082922581890e-01
-7.669315357804611377e-01 6.846509421726665323e-01
-8.393742037268465683e-01 6.045682820345382735e-01
-7.654967032129841309e-01 4.933350703486927280e-01
-8.156743912556878584e-01 5.911620969242155077e-01
-8.234488188666687636e-01 6.231660696835471525e-01
-7.421557699080194581e-01 5.770348494747677970e-01
-6.910185744598262847e-01 5.638017837078482808e-01
-8.075832487653354930e-01 6.047418991220248063e-01
-8.845279547807107789e-01 6.116980628523537300e-01
-8.109150112670854282e-01 5.915216779103481537e-01
-7.637432112053472721e-01 5.808628984413856111e-01
-7.638855329150588958e-01 5.065437195186931474e-01
-8.355296236709395252e-01 6.310080037302756573e-01
-8.304348783218364893e-01 5.020302145070750788e-01
-8.877325004540344011e-01 5.199913319420386149e-01
-8.990514469064105896e-01 5.773896354837643186e-01
-9.776475878676318398e-01 5.062952764857515664e-01
-9.098565256774929777e-01 4.734223437395140843e-01
-8.721977478716296250e-01 4.750366078765358435e-01
-8.232030049715747255e-01 4.919868428124783977e-01
-8.780238000397336817e-01 5.679991035487916839e-01
-8.400715865891275058e-01 5.270656354864747817e-01
-8.582620016127946450e-01 4.591507139571884832e-01
-8.451180767711480302e-01 6.158919325573301018e-01
-8.765385634308102691e-01 4.543672861791729911e-01
-9.424393862618225537e-01 4.029912626145226162e-01
-8.868418087366436442e-01 4.666073333500930231e-01
-8.205065713191929122e-01 4.841437645086048014e-01
-8.427512051200524157e-01 5.138055751113663749e-01
-8.189120539535472698e-01 4.616736119426853580e-01
-8.333201038158716267e-01 4.941225502312151519e-01
-9.379152443207946499e-01 4.147520331787694081e-01
-8.667155423559492755e-01 4.446629454315985663e-01
-1.001115114093247715e+00 4.676712256634012466e-01
-8.803967761720712382e-01 4.591248761151814906e-01
-8.199410800235757968e-01 4.236686087766183273e-01
-9.758283568453199885e-01 4.696384336306765328e-01
-8.940027367754725951e-01 4.622962200673803590e-01
-8.720871411558157593e-01 4.340548688199718508e-01
-9.346862327768838963e-01 4.175988872354712833e-01
-9.176566745981572515e-01 3.923389261251429283e-01
-9.045029067147798418e-01 4.034291685922573034e-01
-9.124688886965133250e-01 3.491579716900319319e-01
-9.317110545985681780e-01 3.405723009278609492e-01
-9.728410808189483783e-01 4.609550342900790021e-01
-9.732090411585607725e-01 4.105957860535155435e-01
-1.008984310562642150e+00 3.753229904093648428e-01
-8.750130617766844754e-01 4.139142385923789691e-01
-9.665725667095471652e-01 4.085139498059935370e-01
-9.504225075900789577e-01 3.146013993754847027e-01
-9.944518641385268198e-01 2.566953738533069851e-01
-9.128232502604359810e-01 3.899891201712950561e-01
-8.549372826681937987e-01 3.277427650726701946e-01
-9.570309402560157608e-01 3.114453375800209090e-01
-9.271505205014018980e-01 3.412964275735703157e-01
-1.020096052640293571e+00 3.513759293045607413e-01
-9.183375924156526038e-01 3.342671366114227660e-01
-9.609556154923302174e-01 2.197516053183637963e-01
-9.458020233871714533e-01 3.042755589907886193e-01
-9.760913860646290852e-01 3.070115501151601256e-01
-9.659081785269132414e-01 3.012055575259949824e-01
-9.623777260878999540e-01 2.681093681901471903e-01
-1.013816966551828846e+00 2.236514318358147069e-01
-9.430660669165868981e-01 2.776868061957795120e-01
-9.415283161253068522e-01 2.953116321560405599e-01
-9.700242407712600379e-01 3.632063750932569834e-01
-9.903573811545940409e-01 2.647366877230625248e-01
-9.922463322485111092e-01 2.373177186449530462e-01
-1.020147585973398385e+00 2.831799541766552020e-01
-9.965074743862537554e-01 2.758554517180107357e-01
-9.183120295801563415e-01 2.359006294183451646e-01
-9.995620677081369365e-01 2.463308672634389740e-01
-9.461557991982920690e-01 2.571847887362117557e-01
-1.042199988492630958e+00 2.938243073679802642e-01
-1.021117846525093853e+00 1.434146877604917103e-01
-9.477292823048306669e-01 1.890417733153333946e-01
-9.743028409700588144e-01 2.108686737640082520e-01
-8.949955494444461479e-01 2.014035233052014207e-01
-9.587317988054504525e-01 1.707862510119509680e-01
-1.018624515903959971e+00 2.246661539909851624e-01
-9.551100829835473816e-01 2.541372737878111465e-01
-1.024131490514007536e+00 1.877325680965643839e-01
-9.480591596189112957e-01 7.952854481270954512e-02
-1.051347468175252153e+00 1.813537580051536313e-01
-9.770151902057990778e-01 1.185897260320918217e-01
-9.439877513351625504e-01 9.952360163329806997e-02
-1.062451832903857474e+00 1.423138008481100725e-01
-9.846644003473948858e-01 1.791414118710930037e-01
-9.808717350757361064e-01 1.672588093073413829e-01
-1.041303545946600462e+00 1.625432208578176108e-01
-1.045804863660215966e+00 1.644735283975100326e-01
-1.004119332550248878e+00 1.064155989129689228e-01
-1.015636752297081058e+00 9.412147337584442219e-02
-1.011498156245739466e+00 2.122566460263469734e-02
-1.037538642077602713e+00 5.676171793493436230e-02
-9.833132583489341272e-01 1.080544895649795389e-01
-1.012552126687696230e+00 9.467936330075139850e-02
-9.750683473756979192e-01 5.372642019227525517e-02
-1.119729247959075025e+00 6.466020899210277173e-02
-9.256942216710337679e-01 2.961885588866228214e-02
-9.617242883648308149e-01 1.493042619587023334e-02
-1.031915458914073769e+00 1.496111006234490670e-01
-1.002934969163212564e+00 -9.353978150075825670e-03
-9.422541479457907654e-01 4.701750449023846951e-02
-9.800762322395221160e-01 -6.954924866214978740e-02
-1.016897221653991989e+00 2.237489337200354589e-02
-1.007938580834967457e+00 -3.812573780831453318e-02
-1.016571569091327509e+00 7.833060536416389108e-02
-1.019510893196503343e+00 3.212253122170113245e-02
7.566261130474781493e-02 4.928833205880301382e-01
-6.951179731053590966e-03 5.524796418710824497e-01
5.926872327926161615e-02 5.215791420301630898e-01
-6.057731963246812401e-02 5.076918543367859860e-01
1.258852685447133662e-02 4.874189444843532448e-01
8.771841872415081509e-02 4.206213058709971642e-01
9.194682546760285513e-02 3.782370526660119858e-01
-5.474950152869136055e-02 4.589013775592528654e-01
-1.451695406500036131e-02 4.731766831329408673e-01
4.042448143643120190e-02 3.901371428407566788e-01
-7.149261113484189564e-03 4.476562068530954841e-01
-6.423919441472285274e-02 4.204233022910327522e-01
2.461032121789478826e-03 4.427858380395273130e-01
-1.665395824151504056e-02 4.748725194387933835e-01
-1.048921733869313810e-03 4.014220949749386369e-01
-7.455605854996205650e-02 3.592204420856449087e-01
-2.482595788975965403e-02 3.277893063533715567e-01
-1.762587522950913310e-02 3.484687732146224959e-01
-1.594691589445458857e-01 4.316823972201166981e-01
6.712738646790353259e-02 3.997455366393092291e-01
1.242553614471763809e-02 3.725444941220379391e-01
-1.079315093529804870e-01 3.648260421323945013e-01
-6.307867296728392192e-02 3.133613891398388529e-01
-5.941378489217713499e-02 3.599972409185747124e-01
1.439281922153503868e-01 3.252296616340071833e-01
8.086591347261583296e-02 3.659896876965009205e-01
9.229501671810880215e-02 3.968488254161421924e-01
-7.754586848958285039e-02 3.863005393741875126e-01
4.290630906214316226e-02 2.670438056672835847e-01
3.710679858603958825e-02 2.470357629430138258e-01
2.757826810515512025e-02 3.701577692772166639e-01
3.095275360592097957e-02 2.457107244821357117e-01
5.348986364275953170e-03 3.173024952551418698e-01
6.241906200084343381e-02 3.037558226511130055e-01
4.545750558683572806e-03 2.598663274720252603e-01
4.826471147839941217e-02 3.631518227334551430e-01
6.067795593531371406e-02 2.431241853804489428e-01
8.906454818515513461e-02 2.642865780054946545e-01
1.032084186246835372e-01 2.593051415004046789e-01
8.466898527071445302e-02 2.413999233971100278e-01
2.429349155680279176e-02 3.228960995259677058e-01
-3.055308738638243260e-02 2.567404615263039203e-01
6.181930652701454060e-03 2.531691055297169979e-01
4.251809654048797210e-02 3.484541080974095650e-01
5.575434702900465556e-02 1.658601027819359142e-01
1.959768166815260490e-02 2.563042360606735404e-01
2.619873788786170055e-02 2.503045114144407113e-01
1.121290269757857644e-01 2.571437016574164014e-01
-9.981355166338280738e-03 1.738218637922881171e-01
5.155147184355741985e-02 1.073869715913216838e-01
8.492003934847550117e-02 1.772369073231082059e-01
4.240048517876887635e-02 2.020986088865954766e-01
2.374889800830951025e-02 2.540340286907061262e-01
9.290085377627493868e-02 1.068335478132754895e-01
5.997485078934108871e-02 1.397990020080233098e-01
9.967359436256964522e-02 1.980879749757812613e-01
1.304762992236896957e-01 1.311155052861359138e-01
4.993658867755890185e-02 1.607344530339088196e-01
8.345783252257586715e-02 1.105730525195672137e-01
1.039401668147759139e-01 1.333759041717583194e-01
-5.260923391381609748e-02 1.061153401545135433e-02
2.304500447250781847e-02 2.017230568790376322e-01
1.208200414311277476e-01 1.362654322834784271e-01
5.735209211224349957e-02 1.081400843397729988e-01
1.080918623977424053e-01 8.901897871618441593e-02
1.473071780507889672e-01 1.775697532097852971e-01
1.402605386694709133e-01 6.673216308205140446e-02
8.096346651710981113e-02 8.759254904587364388e-02
1.049022806827723392e-01 1.430374356717309392e-02
1.555937826778446831e-01 3.461216320403451979e-02
1.040992617524201802e-01 7.636112044858263392e-02
8.786914273986032309e-02 1.259169085656092202e-01
1.194522041581158045e-01 1.073077156712137770e-01
1.418819353729948440e-01 2.233990459405858081e-02
1.754679290949133774e-01 1.100118591573518434e-01
6.031944276105755814e-02 3.264522513014479765e-02
9.632020814586396418e-02 5.569006593017104823e-02
1.386156914235600612e-01 1.501933022601271150e-01
7.697386092557405302e-02 1.332378621668852021e-02
1.829545287567766465e-01 8.242205600622851125e-02
8.668424516051184692e-02 5.812494661906865423e-02
1.090908824592647097e-01 4.402089433951660719e-02
1.631286550485669118e-01 9.327875086924915238e-02
5.730813735255636809e-02 -3.801118779429699807e-02
1.655913962182782861e-01 -5.755345973693980904e-02
1.123608557714715350e-01 3.713236825416874748e-02
1.008137956934321566e-01 -4.444810831968000475e-02
1.460939165812092100e-01 -9.477335879590627343e-02
2.578510882407802907e-01 -8.231293207911202781e-02
5.564129451934729520e-02 -3.761135257416056005e-02
1.324975800832317863e-01 2.826210884689484004e-03
2.121375269043200285e-01 -1.170426064906902736e-01
1.092959291501449104e-01 -9.837733404382231761e-02
2.774816731595166064e-01 -5.792810672155974949e-02
2.485601791155845897e-01 -5.393188376281529695e-02
1.755382309573983168e-01 -1.346540318424477578e-01
1.759601850234016884e-01 -1.654647659684096994e-02
1.873935529338417172e-01 -5.242363513664750896e-02
2.018962296247421018e-01 4.382063676245773198e-02
1.488440611074789144e-01 -4.544073642588175588e-02
2.270217619312983326e-01 -5.265412253177884777e-02
2.833703753796592562e-01 -1.215359553282099742e-01
1.689001345784706676e-01 -8.941034224519547879e-02
2.350232926528084965e-01 -1.668238565026954334e-01
2.038212496946652241e-01 -1.336126746852449587e-01
2.839316449488629157e-01 -3.430297746482881271e-02
2.170265463642108705e-01 -6.785942889800533617e-02
1.216388145202727950e-01 -1.452606351228176162e-01
1.538501932433058994e-01 -1.391357826177947454e-01
2.701146798596635312e-01 -1.624810711457112533e-01
2.305812096774754461e-01 -4.003838374630321051e-02
2.599992770527746466e-01 -3.665035937651189846e-03
2.345901753374217691e-01 -2.403968737011049073e-01
2.674932641068505923e-01 -1.645221784094880180e-01
1.753083988186875386e-01 -2.016821456894399289e-01
1.620470943012879417e-01 -5.947098599093419979e-02
1.760698234919341465e-01 -7.139565687198054511e-02
2.417896874986839584e-01 -1.664705049796045833e-01
2.800461491604302466e-01 -1.258325697119011266e-01
1.819235360927496936e-01 -1.726297226111521144e-01
1.695860193894305756e-01 -1.651631195113830719e-01
2.456949710290841915e-01 -2.049525236509657788e-01
3.428400031580001173e-01 -2.857862100260583627e-01
2.819704881994273826e-01 -1.752450226520849696e-01
2.998039034647623224e-01 -1.045979916912406077e-01
3.203590073697937801e-01 -2.623497818558462313e-01
2.772337550225487113e-01 -2.214716566860719382e-01
3.533194864975662264e-01 -1.756212810064899654e-01
3.240880919998722076e-01 -1.981215310334967228e-01
3.293329494701455196e-01 -2.053246984815755849e-01
3.337197259343692157e-01 -1.320623542751567792e-01
3.736808587475065613e-01 -1.875715137386196885e-01
3.610574872274089908e-01 -1.988244281337104569e-01
2.592220988648125668e-01 -2.172237736724434987e-01
2.932246627779527826e-01 -1.556833133574485051e-01
3.516039904374802516e-01 -2.362753530236050004e-01
4.257617112236030121e-01 -2.971896925337390583e-01
2.807612038293737511e-01 -2.382939996154285756e-01
3.793901513335977693e-01 -2.329945655300255380e-01
3.451411481591873387e-01 -2.507673261368427164e-01
3.372801027561344589e-01 -3.417145743223746757e-01
4.049311141366929712e-01 -2.697810552943689655e-01
3.065648278072699018e-01 -3.529715869817435236e-01
3.216694172459153012e-01 -2.650411314788876926e-01
3.372303936843856209e-01 -2.727327406074944172e-01
3.197474666388974707e-01 -3.041035236878611991e-01
4.141266889108640714e-01 -3.383159954400303260e-01
3.638403940959901717e-01 -3.659531849387323010e-01
4.555887122869051731e-01 -3.272117942089070586e-01
4.101754816476009258e-01 -3.953604090289519757e-01
3.836083220610546074e-01 -3.075123951735984629e-01
4.541837007394313730e-01 -3.099486980348921672e-01
3.354737930113835809e-01 -3.199502123985670243e-01
4.283424354359270381e-01 -3.014421276328613786e-01
4.594108546313178110e-01 -3.709991443643098075e-01
4.359468779168579888e-01 -2.965840699379286294e-01
4.832779301985910547e-01 -3.780835321236704072e-01
4.120678256802292605e-01 -3.229008020432914128e-01
4.369172334138578528e-01 -3.529926371711986643e-01
5.028971964109225645e-01 -3.345534771075258096e-01
4.950200563152283295e-01 -3.147110603705133847e-01
4.176159539807495769e-01 -3.118319989284091265e-01
4.742401037275011944e-01 -4.325389969461959083e-01
4.937893709044558488e-01 -3.435203034060066440e-01
5.052951414393381802e-01 -3.844136616528802119e-01
5.419993032126723120e-01 -4.007606586289037542e-01
4.783894604030552444e-01 -3.108149588335666902e-01
5.283039845305088633e-01 -3.565035118570649142e-01
5.955339589942650891e-01 -3.829112429204341583e-01
4.222551747073218786e-01 -3.634026344007828535e-01
5.000848204549027676e-01 -3.945366287746498446e-01
4.806751120162984781e-01 -4.318046609550705295e-01
4.994802866849386014e-01 -3.637153580387222918e-01
4.779878497664141190e-01 -3.615867430101708524e-01
5.151693040733711371e-01 -3.814983757487407368e-01
6.232271063440310011e-01 -4.157072511247779656e-01
5.640762886643492235e-01 -4.016068189021543278e-01
6.088128974118915959e-01 -4.729251709499029399e-01
5.846636396790872992e-01 -4.250866051783655508e-01
5.029620349528428624e-01 -4.495950353076520467e-01
5.494448590668854493e-01 -3.977267371038755717e-01
5.956325104833758433e-01 -3.681140920332781619e-01
5.435929344084715620e-01 -4.150672181577353959e-01
6.001960883553926207e-01 -3.764076238681741682e-01
5.487672780781156501e-01 -4.235016965174300263e-01
5.302800551785180616e-01 -4.334721630468864606e-01
5.547289371676434877e-01 -4.635661586432971437e-01
6.300822875669864764e-01 -4.314314478265525166e-01
5.860385990908596465e-01 -3.623374211483664231e-01
6.745543353286107546e-01 -4.307353464953170286e-01
5.997871903681826211e-01 -4.017065988412720223e-01
6.167026374796988897e-01 -4.415105502622308498e-01
6.714274122565181413e-01 -4.468642486117971879e-01
5.394648198022504726e-01 -4.314618564647874632e-01
7.167396581383033149e-01 -4.230424891683124411e-01
6.314948341993077419e-01 -3.616785562660781439e-01
6.071130618847750959e-01 -3.658260200793094219e-01
6.551534252170664319e-01 -5.158335977367520808e-01
7.115868463524387399e-01 -4.095475481108505900e-01
7.054829691111391687e-01 -4.197183847051583205e-01
7.485066568330563941e-01 -4.312847796900018404e-01
7.593543126936874721e-01 -4.298087785366779268e-01
7.446380125143250428e-01 -4.772311462131251791e-01
6.872728481099237285e-01 -5.065241126882162881e-01
7.536852974945935646e-01 -4.874000511527646906e-01
7.077477320255437521e-01 -4.742675252379227602e-01
7.196700638160092867e-01 -5.815703224935794280e-01
6.767958615869836825e-01 -4.428835213724182096e-01
6.534080990486144103e-01 -4.053558047040447532e-01
7.705634535823258080e-01 -4.943272556244409643e-01
7.478502448633059796e-01 -4.751901287901221793e-01
7.949440754067866877e-01 -4.548092016473737620e-01
8.230176095257534241e-01 -3.934173083745292065e-01
8.298034351201740710e-01 -4.844888842496333781e-01
8.039233002488604951e-01 -4.733011020981702233e-01
8.147324034424771044e-01 -6.015692892310016138e-01
7.108637388058486328e-01 -3.550257289404820105e-01
8.206331977397718358e-01 -4.020630739246324747e-01
8.583969553486204829e-01 -5.110406407185326128e-01
7.805202246309466130e-01 -4.678817533718268029e-01
8.188997443996688386e-01 -5.375493533162375437e-01
7.360873460052494988e-01 -4.554883318070406806e-01
8.746632031016301490e-01 -5.623689839200356477e-01
8.325995358507900512e-01 -3.757866858327543191e-01
8.081097865024416960e-01 -4.829039469423666575e-01
8.537434311756703087e-01 -4.149514028812997246e-01
8.252866224406927298e-01 -5.398462821867551220e-01
9.458066447680045785e-01 -4.626174143991286236e-01
8.060668118651834746e-01 -5.178515967062944370e-01
8.291958809769823802e-01 -4.470714930174723434e-01
8.180493623922617807e-01 -4.458043884964159598e-01
9.461213238590110430e-01 -4.669852929321232082e-01
8.460653937374033040e-01 -5.021119835346810056e-01
9.801855489010220523e-01 -5.237876996212394998e-01
9.169784784777541553e-01 -4.168334211746114182e-01
8.842368629238185340e-01 -4.510061471330146787e-01
1.033017161764866021e+00 -4.443895405431857459e-01
9.267825108872262962e-01 -4.873156891787744360e-01
8.879281573146063922e-01 -4.647062825440886336e-01
9.306851174978916230e-01 -5.811031737647929241e-01
9.582385339432287763e-01 -5.479859745243755853e-01
9.676369128821098453e-01 -3.874508674126881935e-01
9.098157382164755447e-01 -4.853069026350935178e-01
9.806158852369032397e-01 -5.193470063136572668e-01
1.018940225882701611e+00 -4.541882515741432202e-01
9.623881122847459668e-01 -5.210708659168772350e-01
9.293250348823602902e-01 -4.282327018851921907e-01
9.807315914870587958e-01 -4.597335914303845583e-01
9.754749300074070373e-01 -5.278504692745867866e-01
9.353450208845865976e-01 -5.182406332600786314e-01
1.057098307720538921e+00 -5.132038289485353344e-01
1.045099693913073891e+00 -4.004441500272493126e-01
1.063806762688239260e+00 -5.075186497575440159e-01
1.146778506259751751e+00 -5.228796104571415970e-01
9.846593801968660520e-01 -5.394525518722885771e-01
1.077281597329985852e+00 -5.359313012528463815e-01
1.060070689570413727e+00 -3.938823474777879974e-01
1.070140801932728536e+00 -5.211131229846377444e-01
1.037531688085456372e+00 -5.639364155396268119e-01
1.111139224511873413e+00 -4.084645100575590715e-01
1.130625752478749746e+00 -5.262429424536685385e-01
1.069614454055646924e+00 -5.650101366173850836e-01
1.115231938177037030e+00 -5.491010906577387107e-01
1.101205756711366668e+00 -4.889484801921452628e-01
1.113108791280396304e+00 -5.167137860350438094e-01
1.100353801578630275e+00 -5.174175359169307375e-01
1.014319616353489772e+00 -5.467641103990158458e-01
1.093593114611075334e+00 -4.212330201859040280e-01
1.224963031971866068e+00 -4.677936235225071404e-01
1.166226503797821223e+00 -5.140544746105994989e-01
1.081041422575119038e+00 -4.655546736961058141e-01
1.093642651150711131e+00 -5.090779184911963240e-01
1.194547615459349732e+00 -4.782156260125788316e-01
1.148582748009721044e+00 -4.781737799740463646e-01
1.093049650664929429e+00 -4.879941282451366047e-01
1.175298168241430963e+00 -5.094170939874868020e-01
1.161784238324878427e+00 -4.961074944927542640e-01
1.191605756077390721e+00 -4.324265764881282670e-01
1.220901858454592759e+00 -4.808977129388963823e-01
1.029027276942042546e+00 -4.936531882447597330e-01
1.261451185909140627e+00 -4.584395224789177825e-01
1.131375525732668308e+00 -4.682059486934759818e-01
1.275121383052324919e+00 -5.293199787033678883e-01
1.176150689657606607e+00 -4.177381633971422037e-01
1.204771535928382820e+00 -4.862431764091895148e-01
1.279419611332671902e+00 -4.401519198854546011e-01
1.328454832143639575e+00 -4.778428328180987505e-01
1.329323205298008848e+00 -4.762858737677849730e-01
1.196451953824555270e+00 -5.191588965878277673e-01
1.167886097229448694e+00 -5.270886419210805141e-01
1.182628380128948775e+00 -4.433984411637906797e-01
1.233587496493748548e+00 -3.632243857612207361e-01
1.207350651668627428e+00 -4.837257969971104909e-01
1.321500060582855518e+00 -4.451420621529957322e-01
1.330633453496451235e+00 -4.964153166409309703e-01
1.318717041028470760e+00 -5.147647839902725897e-01
1.352992083561787906e+00 -5.076528594926215110e-01
1.202947810891352942e+00 -4.414020083004080441e-01
1.302233915398428143e+00 -5.172589667045772721e-01
1.288282625739028742e+00 -5.234000057918372084e-01
1.377705130472676398e+00 -4.201643907207375794e-01
1.331157220402016117e+00 -3.850155495589739907e-01
1.291267553342963392e+00 -4.946482436631521873e-01
1.256185079975240981e+00 -4.664170984868533099e-01
1.329281430184521939e+00 -5.440833463049143948e-01
1.401691451400982391e+00 -4.951312783039082399e-01
1.286566454581897556e+00 -4.407575336548492095e-01
1.345495221416314280e+00 -3.761838270332901191e-01
1.392368794791360775e+00 -3.674521306302458434e-01
1.321702070321850053e+00 -3.800601865673369772e-01
1.389410656183751369e+00 -4.199159675367079569e-01
1.401042111141595603e+00 -5.151775129293306721e-01
1.397614150246542675e+00 -4.894830237908631143e-01
1.414869945656262562e+00 -3.889904673675307345e-01
1.398358644144193086e+00 -3.868868791448636379e-01
1.435864318415840613e+00 -3.188542928314211933e-01
1.398762433667869454e+00 -4.610059517756961989e-01
1.397886119936155858e+00 -4.534486458067213399e-01
1.376621128732103738e+00 -3.267757979318277051e-01
1.417779258247877650e+00 -3.690416802656972806e-01
1.387184852621404785e+00 -4.433845982343987413e-01
1.400349112216491054e+00 -4.162418114476726938e-01
1.482677780134581624e+00 -3.770133806520319375e-01
1.427045087673570301e+00 -3.687674204432473957e-01
1.374121160523406715e+00 -4.097314743484983257e-01
1.460149445282452385e+00 -4.233946373301464283e-01
1.436741808500443307e+00 -3.829272131604510299e-01
1.446847068874584030e+00 -3.721465483063667312e-01
1.513024999374340096e+00 -4.173170333376067243e-01
1.432427859232128009e+00 -3.824022811263271260e-01
1.438088603707719404e+00 -4.268250457609242265e-01
1.440569821830307129e+00 -4.903155533474116146e-01
1.529619345870913749e+00 -3.927775144137619079e-01
1.576568588786893210e+00 -2.962699453867232435e-01
1.502034845845498179e+00 -2.567787034479975805e-01
1.564878060774171908e+00 -4.556920225223370924e-01
1.535266316093265582e+00 -3.832252389744037480e-01
1.566513380867598837e+00 -3.407163549025595262e-01
1.513189159262504191e+00 -3.278294363268359213e-01
1.563223032633167753e+00 -3.600904140534277875e-01
1.414253217755591541e+00 -3.636059440621899341e-01
1.494092831092910245e+00 -2.805582795485792591e-01
1.451685688220888837e+00 -4.286060931222035464e-01
1.532903636288568849e+00 -3.224789347530895856e-01
1.595455430272083586e+00 -3.589295645841070193e-01
1.459006534711208003e+00 -2.872939071808398026e-01
1.539113408670371053e+00 -3.327261371491902486e-01
1.635416101955931012e+00 -3.203004414522264698e-01
1.504423868009814091e+00 -2.607974342936192347e-01
1.495347367394620264e+00 -3.169019117007457198e-01
1.627948619443027933e+00 -2.260772928794014813e-01
1.603877761181535799e+00 -3.323220642063174357e-01
1.605652282916499640e+00 -3.291165849790324005e-01
1.638948146147388929e+00 -3.161116373600333929e-01
1.648796036555054245e+00 -3.247477981031894889e-01
1.612365241180614417e+00 -2.452501867599737873e-01
1.669733979072446362e+00 -2.426913854947540805e-01
1.698953095420777881e+00 -3.284433984285505259e-01
1.638961390633263404e+00 -2.193832565168907511e-01
1.642408394401546845e+00 -2.927834640159683310e-01
1.639965168701820852e+00 -2.643920086810954695e-01
1.617027435441256156e+00 -3.047406386332161543e-01
1.631113549822124531e+00 -2.398066689635063586e-01
1.609842183364948776e+00 -2.862215148435669487e-01
1.670644487136612177e+00 -2.884499399826673804e-01
1.615664073880537455e+00 -3.272362205850266603e-01
1.686998062871359894e+00 -1.339417340944464296e-01
1.586444434521719682e+00 -2.226303694002027267e-01
1.584342870976027884e+00 -2.079853139468963719e-01
1.704211699203431518e+00 -2.244448075854873770e-01
1.690572011824156506e+00 -1.493383298379225010e-01
1.732756816139578770e+00 -1.604548210902755900e-01
1.703800638415301716e+00 -2.278192087964837909e-01
1.636590119767497686e+00 -2.288201464269977170e-01
1.711882605424942083e+00 -1.612829356969653904e-01
1.677581471576793826e+00 -1.737600148168598757e-01
1.661164441951010540e+00 -2.362988137689866208e-01
1.751926036224912497e+00 -2.297252852498810061e-01
1.671732019100365063e+00 -1.480231452285533933e-01
1.818451121092931499e+00 -2.552043886282596707e-01
1.724187407369066394e+00 -1.967262588560141634e-01
1.728566445988823697e+00 -2.529164314390085488e-01
1.743330730658762429e+00 -2.271140844570956052e-01
1.795897521640419159e+00 -2.504268049244798844e-01
1.717454405290492314e+00 -2.088018196745888844e-01
1.774365711079127772e+00 -4.131096754004005833e-02
1.741327838330069211e+00 -7.776349637067725418e-02
1.712123556516240486e+00 -1.628294959326458957e-01
1.779596561917403230e+00 -1.678224530561834849e-01
1.667867617363910426e+00 -1.530109053564623067e-01
1.821408077756069055e+00 -1.853966580891588389e-01
1.866368175453260614e+00 -1.092870383306707993e-01
1.748958990750242970e+00 -1.253024291798618406e-01
1.798191306369921083e+00 -1.807947840314894916e-01
1.782279782320939310e+00 -1.140157385268373430e-01
1.845118597608152333e+00 -2.213530486475391301e-01
1.761957031793489614e+00 -1.394945371759181429e-01
1.828468233118779152e+00 -5.754084261073223738e-02
1.781408183354415531e+00 -8.196144284565236304e-02
1.808894149869134882e+00 -1.161193481511037379e-01
1.718503763405401452e+00 -1.182145940503611381e-01
1.843641981516133566e+00 -5.238560188207030954e-02
1.810615472105786106e+00 -1.864975017612847674e-01
1.883276098912797458e+00 -5.504055238302571484e-02
1.779483826685558823e+00 -9.861617255514870672e-02
1.801427938265191209e+00 -3.341002820238431203e-02
1.754539207050103355e+00 -3.777081408792520856e-02
1.845782301048116025e+00 -2.205890507951946411e-02
1.878371982678359808e+00 -1.309748146993263695e-01
1.963610860352777765e+00 -6.068674400812782560e-02
1.795479640981890057e+00 2.965481967351615844e-02
1.849982612962980610e+00 -3.619112830180602064e-02
1.894046145537642500e+00 6.513189366163507632e-02
1.843972719319429521e+00 -1.026489379735900515e-01
1.906514253750483778e+00 -9.896875601705390491e-02
1.814447186120634603e+00 9.283473598152396089e-03
1.774772611624942042e+00 1.100592177204965001e-02
1.778637952739875683e+00 5.588346262752263982e-02
1.849570677413648223e+00 6.165086157801862032e-03
1.837753276122700452e+00 2.031955682202862129e-02
1.870887667266117882e+00 3.889590273606705062e-03
1.798899509208467640e+00 4.284581750653584931e-02
1.783426460686108106e+00 -5.194926282365265602e-03
1.865431123013616022e+00 -8.192576516903470052e-02
1.924284369392665894e+00 3.484235426813298009e-02
1.824000129858598829e+00 9.773387710012099161e-02
1.882507876926805768e+00 4.113444050653954076e-03
1.867215257734302192e+00 1.407644576323482943e-01
1.942557318081302498e+00 1.590279091231899256e-01
1.815620675586465005e+00 -1.880993085325699532e-02
1.924649049937783074e+00 1.248183955593172856e-01
1.914988008528817787e+00 8.816650582274811188e-02
1.957403251391363730e+00 8.522168903300358922e-02
1.848570615114467630e+00 1.028520186715344426e-01
1.906076910004459668e+00 7.281207622171030625e-02
1.990151144707548614e+00 9.059032083447630945e-02
1.935421479133004219e+00 4.521574218302404358e-02
1.955717919062190946e+00 9.926454689953763399e-02
1.833866563171494102e+00 1.838728179114741124e-01
1.951504556033559323e+00 8.405161168595501331e-02
1.916781556067580494e+00 8.082185299021174552e-02
1.971986823922177168e+00 7.302531224236051555e-02
1.983776188854961431e+00 1.874727533465804508e-01
1.934101969961348422e+00 2.505756013225515222e-01
1.905873281372812533e+00 2.011858518275678742e-01
1.911114274101560095e+00 1.773940952624152023e-01
1.959481769087628944e+00 1.633803560317714509e-01
1.931155432365304625e+00 1.813691867296942373e-01
1.901177398342306368e+00 2.241460274555404086e-01
1.986321565129811395e+00 2.547871877813968622e-01
1.977327170323898820e+00 2.120365609102805859e-01
1.976213562694315362e+00 1.351767924101624496e-01
1.925109151004516850e+00 1.659927301083044537e-01
1.843725542335412859e+00 1.938507512506821850e-01
1.982522818937637155e+00 2.210456486031629753e-01
1.941511077462102275e+00 1.398986771437615573e-01
1.979059363854027698e+00 2.125433986212094395e-01
1.983361784897210711e+00 1.359018840932138816e-01
2.016901753024441302e+00 2.784856897197991454e-01
1.948373275830223239e+00 2.264803699691271544e-01
2.028694723434267821e+00 2.681013921919641607e-01
1.979614026795058379e+00 2.015580191571178514e-01
2.054024562656696862e+00 3.528740639353972752e-01
1.973887876784888196e+00 3.427173502149015727e-01
1.918389034721165398e+00 2.824274619772856876e-01
2.007180342113027205e+00 2.554184710063112096e-01
1.975530607712827624e+00 3.176465398670167972e-01
1.991014992295196517e+00 3.257658847662697199e-01
1.981315491019467467e+00 2.712426586012104401e-01
1.869567668004998406e+00 3.224767355681066872e-01
1.963847367275502354e+00 3.895407523472966260e-01
2.003054563515754616e+00 3.747102623304761071e-01
1.954609352539284473e+00 3.380709043906996447e-01
1.975376408207126566e+00 3.936490979126923140e-01
2.028394837073109525e+00 4.091087544419661493e-01
2.057857895612052346e+00 3.576630365358313690e-01
1.971198760418203300e+00 3.059423520236947969e-01
1.974326081626434748e+00 3.641054739478263302e-01
1.978906124204060424e+00 4.789767436320840899e-01
1.988326068790748691e+00 3.694314813398268948e-01
2.002700836168283427e+00 3.884940541394441560e-01
2.035792987839641910e+00 4.376727117446312931e-01
2.036114643349943076e+00 3.847166213563344428e-01
1.958956221637341510e+00 4.001210551788529912e-01
2.042746238366549782e+00 3.478066543378421360e-01
2.022039775402750372e+00 3.785088743560834912e-01
1.992191758390875922e+00 4.082282303726756933e-01
1.986614061899972805e+00 4.564060687451682030e-01
2.070296113546159944e+00 4.104878397075149010e-01
2.004208315948907249e+00 4.862177944799384033e-01
1.961575024283745083e+00 4.619166986714891010e-01
2.062716357661261934e+00 4.288519793120876278e-01
1.936178236944118058e+00 3.649428597378527872e-01
1.992464657339361844e+00 3.557129408014595984e-01
1.970483334087040239e+00 4.328729107407520149e-01
2.026394747668700091e+00 4.895048103316056443e-01
1.919550449303411455e+00 4.159192674575363236e-01
2.025831209943444122e+00 5.190709167440971106e-01
2.057611445617826718e+00 5.123159339563401193e-01
2.030612309758087264e+00 5.855137534063435956e-01
