2.321928094887362182e+00 1.831473257357806528e+00 1.177176650086569243e+00 1.027805800777189082e+00 1.703573062029851704e-01 7.066599942835578574e-01 1.186365629728279192e+00 1.214913442372598684e+00 8.193525195735601452e-01 3.290848327824366093e-01
2.321928094887362182e+00 1.705239805618161020e+00 1.168025993634159487e+00 1.205695380954367568e+00 1.006997877941670616e+00 2.599722427064671826e-01 3.596698410438395332e-01 5.753770303354925897e-01 3.762912851380150747e-01 6.146628431378522439e-01
2.321928094887362182e+00 1.779358948384688555e+00 1.256055119604325032e+00 1.223070367187959695e+00 2.659248683665491053e-01 5.756363024638455617e-01 7.911954618209271484e-01 8.099010247533287021e-01 6.868722698191671583e-01 3.013147346127134085e-01
2.321928094887362182e+00 1.772602562793751613e+00 1.192993035712460959e+00 6.684998019068658648e-01 7.125704724305782500e-01 1.319625564861639289e+00 3.036640247019206651e-01 1.290618913765008591e+00 5.060032527281175252e-01 7.468117836796824838e-01
2.321928094887362182e+00 1.475049390940483596e+00 1.063828393527279204e+00 1.247955619654317116e+00 1.258915114338310826e+00 6.812589522481922177e-01 6.842273461486121366e-01 7.547535013134027970e-01 4.617885506219721048e-01 4.985347849964579803e-01
2.321928094887362182e+00 1.705080800940339980e+00 9.654827352363768433e-01 1.151632765219202881e+00 6.301386627283576125e-01 2.174568911135610072e-01 6.637799203382970248e-01 7.120306181525072331e-01 2.839049185098269090e-01 7.010853520645378145e-01
2.321928094887362182e+00 1.774244671779656279e+00 1.188200036405724802e+00 7.166910847872109969e-01 7.118698227902913178e-01 1.046937170443968723e+00 8.340365793296864450e-01 8.191467505613121425e-01 7.063317093663298296e-01 3.143442286871551139e-01
2.321928094887362182e+00 1.735083959970055600e+00 1.240120992125716359e+00 1.282429905572967987e+00 1.264126447354602556e+00 3.108562583814800107e-01 5.018947239707106656e-01 8.157853578144952378e-01 7.342670402855886458e-01 3.970669957754313639e-01
2.321928094887362182e+00 1.740800328885017789e+00 1.227101855586907986e+00 1.225806794388417442e+00 5.790609662245850275e-01 1.226152713940107608e+00 2.845258616976205635e-01 3.010053276751342155e-01 4.748002251751340941e-01 3.469228235926994364e-01
2.321928094887362182e+00 1.511482040376755265e+00 1.230669998372964979e+00 7.874213615475248451e-01 6.679029053292278029e-01 8.198384941133625148e-01 2.828967706221133804e-01 3.790145790304538798e-01 7.381517671842267037e-01 8.594309076047497165e-01
