2.321928094887362182e+00 1.534456431470849980e+00 1.131574514740950166e+00 7.644099447051696528e-01 7.565924589228386621e-01 2.691864103014770526e-01 7.784790016829636894e-01 3.142191260455692303e-01 9.494980048232714021e-01 6.415219482727083644e-01
2.321928094887362182e+00 1.546293211694062197e+00 1.113538465975326464e+00 6.923547366948504811e-01 7.448012435244264484e-01 3.955945336423290493e-01 5.451300320986310899e-01 4.698075333670462261e-01 9.804995358123380633e-01 7.587487945614863616e-01
2.321928094887362182e+00 1.603057432468394605e+00 1.131559466038318140e+00 6.877317029836449436e-01 1.972735759074343842e-01 5.783088867485659534e-01 3.831444531128166409e-01 4.576146433443704087e-01 5.686531848666510625e-01 8.033356584827013869e-01
2.321928094887362182e+00 1.672345157337792543e+00 1.001319682547365586e+00 6.175556252650418187e-01 2.534826345562753991e-01 3.342915289234304477e-01 9.791787488883174628e-01 7.295396410084511452e-01 7.234023416635528836e-01 6.406288281602406931e-01
2.321928094887362182e+00 1.541159449423739281e+00 1.084932934292174522e+00 7.125818000252848172e-01 2.705600088446797336e-01 8.595705562029466451e-01 3.889495880940437855e-01 5.468462906607988172e-01 6.139111170082481861e-01 1.050426860260416539e+00
2.321928094887362182e+00 1.537768755133545495e+00 1.043422628906923277e+00 6.473085291854677736e-01 2.246522647500533987e-01 3.505961302587851103e-01 3.271307389440151203e-01 5.646606280591679461e-01 6.872258372266827342e-01 6.384965638303998769e-01
2.321928094887362182e+00 1.538961543480667604e+00 1.131580962629056275e+00 8.193293749076858701e-01 2.019354354565179865e-01 3.551988851272723791e-01 4.832573640396271020e-01 9.327254790094877679e-01 8.653506551451705109e-01 5.754616771395554276e-01
2.321928094887362182e+00 1.543619566952525890e+00 1.016194285099075723e+00 6.535220789987633561e-01 2.332102431580089785e-01 2.968403269376854725e-01 4.933960507804848739e-01 6.261446207222460814e-01 5.473952623439685139e-01 7.230837894585491199e-01
2.321928094887362182e+00 1.532623159603151874e+00 1.128138097377757054e+00 6.273462891819292508e-01 2.327522128472601093e-01 3.294876193156128230e-01 5.047293924998810244e-01 5.772129514288586449e-01 6.263073568861037277e-01 9.069884599539427272e-01
2.321928094887362182e+00 1.535726065363445692e+00 1.152819616734417574e+00 6.238357236784662918e-01 2.082250710962912366e-01 7.054250273061946075e-01 4.715155352760011520e-01 5.717349778844574848e-01 6.448585905884369751e-01 6.967313618847377210e-01
2.321928094887362182e+00 1.625791817042496756e+00 1.019484100081356814e+00 7.459563241747774187e-01 1.721698956399006220e-01 2.459183655033946869e-01 6.965160324866178643e-01 5.816695367962008145e-01 5.843273195432862055e-01 6.966856555409239871e-01
2.321928094887362182e+00 1.520344954111340297e+00 1.032741070634492830e+00 6.707595659384654185e-01 3.267102696473503376e-01 3.348147778366994398e-01 5.331106466786191822e-01 8.689813534939810902e-01 6.846274266461369606e-01 1.002069756166150238e+00
2.321928094887362182e+00 1.536265662750644356e+00 1.025871986903193811e+00 6.841205136190080527e-01 2.379828786086069237e-01 5.743446372122760213e-01 5.009002960568376128e-01 5.870839983631506165e-01 7.595981342889759347e-01 6.295142353252721756e-01
2.321928094887362182e+00 1.486032124806591526e+00 9.853900039294655189e-01 6.011359589384107638e-01 2.537567643549292762e-01 5.406901081445137924e-01 3.632920712868696889e-01 4.943789747633313136e-01 5.849039245080971394e-01 6.655777810745923118e-01
2.321928094887362182e+00 1.647899576006803368e+00 1.039738462432831412e+00 6.716533214212542235e-01 2.168956589562063553e-01 9.575526404408614134e-01 4.805413705423956516e-01 4.718391357517330853e-01 8.055395927332273942e-01 7.518462941828190083e-01
2.321928094887362182e+00 1.534285580138242455e+00 1.014155507009715462e+00 5.545604954781369056e-01 2.141417959952797712e-01 3.489581000974057989e-01 8.832609338482322325e-01 8.403267199658324138e-01 4.172208642745535712e-01 7.888255132712792550e-01
2.321928094887362182e+00 1.496983676562142040e+00 1.033817961418257880e+00 6.174078617774996225e-01 2.089869873074088613e-01 3.807297720270984009e-01 9.621323969545954036e-01 6.879756684113003118e-01 7.207075773869444646e-01 6.732755779854959766e-01
2.321928094887362182e+00 1.540271649068012838e+00 1.166002867777539365e+00 6.621081895387643801e-01 3.128099784785500770e-01 3.867566031636323620e-01 4.186574447711960412e-01 5.170102007576212744e-01 7.739268687473549457e-01 7.538450249624167876e-01
2.321928094887362182e+00 1.527049332739455201e+00 1.027832484447499972e+00 6.975555082832506359e-01 2.382659910026714289e-01 3.684170452969424692e-01 6.629776861096698948e-01 5.011111274608157640e-01 7.221345131468664968e-01 7.348552847744143079e-01
2.321928094887362182e+00 1.634678443817665361e+00 1.023932925549720485e+00 6.164295476396393081e-01 2.419635689434706805e-01 2.528705881572234082e-01 4.156409559530643283e-01 4.923744270487550589e-01 5.518057188950237224e-01 6.961809759430095390e-01
2.321928094887362182e+00 1.537768755133545495e+00 1.142118557615351193e+00 6.549680317207311475e-01 6.958044356153914034e-01 4.252906600684972505e-01 3.431384194637162599e-01 3.143426533099561992e-01 7.330605743859459622e-01 7.479881230277642956e-01
2.321928094887362182e+00 1.512996702522563908e+00 1.014236760249830116e+00 7.356186927337948767e-01 7.693536390508303180e-01 4.139665244760470930e-01 5.575926508290930395e-01 3.641673779277538325e-01 6.314229133278249639e-01 6.484371912479025557e-01
2.321928094887362182e+00 1.517076552771273956e+00 9.980437967592152848e-01 6.871624872807984286e-01 7.821154397677871906e-01 2.334107526323965509e-01 5.942136618621620681e-01 5.589777061123987201e-01 7.794678730016506574e-01 5.839948537661860950e-01
2.321928094887362182e+00 1.815543058806336152e+00 1.144307115435915900e+00 1.040843118689193103e+00 2.195777377816849063e-01 3.323165366093424056e-01 8.662715828694708131e-01 5.256936982384006196e-01 9.885750581719013885e-01 6.779990089076515236e-01
2.321928094887362182e+00 1.533790489176863669e+00 1.024065396679203488e+00 6.184990393492613148e-01 7.369268629515617341e-01 3.861317045628521738e-01 3.430447737249441298e-01 5.525067294819684394e-01 5.692119992676524243e-01 7.069370769985793279e-01
2.321928094887362182e+00 1.685476921392538241e+00 1.007380250619575923e+00 1.013996517158640032e+00 3.000255293273708102e-01 3.925923217419380329e-01 5.035848316798966495e-01 8.809333127399096020e-01 5.108362011586244922e-01 6.951979635993161821e-01
2.321928094887362182e+00 1.504106807540424695e+00 1.051912428148693568e+00 7.437615686836501760e-01 2.531405364543411474e-01 2.738187118595120650e-01 8.738081576117243676e-01 5.162341647572357139e-01 5.642540560540606487e-01 5.730967622934166616e-01
2.321928094887362182e+00 1.611626452207704396e+00 1.059309008447399281e+00 6.743121073139975996e-01 2.344050766323772517e-01 4.142046431352408575e-01 5.431623365102979939e-01 3.444051742250857084e-01 4.935664499813599559e-01 9.597593268862468774e-01
2.321928094887362182e+00 1.642010078743259216e+00 1.043974947251748109e+00 6.665755816888746521e-01 1.602697241908958015e-01 2.572674844853272691e-01 4.243262713579498135e-01 4.707206584845439190e-01 7.344285053055449319e-01 4.373938305944713445e-01
2.321928094887362182e+00 1.545834855284118348e+00 1.042185689424867778e+00 6.119959095959238704e-01 2.460024471329678164e-01 4.177429756309951614e-01 4.923177775892138008e-01 4.933578518193407758e-01 5.687539633344682599e-01 8.828576542997106369e-01
2.321928094887362182e+00 1.502206439737495902e+00 1.059491975340088654e+00 7.348707169146704299e-01 6.517699984720444206e-01 2.733641090702576548e-01 4.829871681269476413e-01 4.530759151704907839e-01 4.844637815030511385e-01 1.035527864927795250e+00
2.321928094887362182e+00 1.504604355892628975e+00 1.146868749475700833e+00 6.817765687064301083e-01 2.266845110564472965e-01 6.118535792534350870e-01 4.152682070529159497e-01 3.326432613496893564e-01 5.453228039792880066e-01 7.595726840310714767e-01
2.321928094887362182e+00 1.492995806969257933e+00 1.048403004791697013e+00 6.852678084164302019e-01 7.221371380653928140e-01 3.087520718117150453e-01 3.739465313068688346e-01 5.580532212474540454e-01 6.048435247370009815e-01 6.600599289916023737e-01
2.321928094887362182e+00 1.511122629210899904e+00 1.089168317748366643e+00 7.362485012797832518e-01 8.317081112926058006e-01 7.695190069469401983e-01 4.915772874685599425e-01 9.027968513641152493e-01 8.688080997273578410e-01 8.403958341659139020e-01
2.321928094887362182e+00 1.515768585359972942e+00 1.148224329881910144e+00 6.271634031530100017e-01 2.660862782137083382e-01 8.563237515945675282e-01 3.644495547697266802e-01 4.373386601657844319e-01 5.654773428386022927e-01 6.523789160006467913e-01
2.321928094887362182e+00 1.641009245719858844e+00 1.006303731974552029e+00 7.074534306060441535e-01 2.567489344396656215e-01 5.079447281757945021e-01 5.569924388683578087e-01 9.003334654619864486e-01 7.477510046111207620e-01 7.370084313513576291e-01
2.321928094887362182e+00 1.497613076546514099e+00 1.191562210505848984e+00 7.168459672133531413e-01 2.164119112679514789e-01 3.653603854737427215e-01 4.144890653576590034e-01 8.746138382128458844e-01 6.560920692699729884e-01 8.001489502920565711e-01
2.321928094887362182e+00 1.630359127345462289e+00 1.016297010380357912e+00 5.927619100893479764e-01 2.422523088225533583e-01 3.816825854183953926e-01 5.487819282885955108e-01 8.853363413713396524e-01 5.489432245356480333e-01 6.388240099207914691e-01
2.321928094887362182e+00 1.538479889956948732e+00 1.105523537715959570e+00 6.883001222056379653e-01 2.470690833059580316e-01 7.057242925566078462e-01 3.911334924185820294e-01 5.278411025329886597e-01 9.762702144056548681e-01 6.444195685004411311e-01
2.321928094887362182e+00 1.527471804057236149e+00 1.027594527545679703e+00 7.119726826572007061e-01 2.475237591085260314e-01 3.096279330894257664e-01 3.925257174271350458e-01 3.991049809772540535e-01 6.181990522959865952e-01 7.159551790641326408e-01
2.321928094887362182e+00 1.636555161071199693e+00 1.033956411082990856e+00 7.600511990183042021e-01 2.504788215558803044e-01 8.529134686757788852e-01 4.019756928148028319e-01 5.344064209268826193e-01 4.995205958533295298e-01 9.011793441644732061e-01
2.321928094887362182e+00 1.517736462309985157e+00 1.077193781494454994e+00 6.405356441378716736e-01 2.376499921839521634e-01 4.113937936422284447e-01 8.505437844561841709e-01 5.990538280801070981e-01 5.589646785525286266e-01 7.338844071841480465e-01
2.321928094887362182e+00 1.490569984010636340e+00 1.025213224483925156e+00 5.707577550652274123e-01 2.254340444137078181e-01 6.399252868580131981e-01 4.190815055207963713e-01 4.541672129251795309e-01 5.155945405526585201e-01 6.315473031084454236e-01
2.321928094887362182e+00 1.527269201374768848e+00 1.085857737064931383e+00 6.887461612598753113e-01 8.601478141386156295e-01 7.622540470678462743e-01 4.462135299306331793e-01 5.178701227609506796e-01 6.754246537626420466e-01 8.697507343354468068e-01
2.321928094887362182e+00 1.531116090415271191e+00 1.027439838185253196e+00 6.479885494618714548e-01 6.716560259752000217e-01 2.782318519125104306e-01 8.714349822552112101e-01 6.786597133466466536e-01 4.557726267227549810e-01 9.444402794919787292e-01
2.321928094887362182e+00 1.457953627314279910e+00 1.064131856578802937e+00 6.507109005481221953e-01 2.660436627776555651e-01 3.517643135395415177e-01 3.599107921144285571e-01 5.308619593122573255e-01 9.015348922101467100e-01 8.034968631439722841e-01
2.321928094887362182e+00 1.543768134317742069e+00 9.992284431161954084e-01 6.015637896581821353e-01 2.502339124814422222e-01 3.895611212531151502e-01 4.547070496525247862e-01 5.912510117086053896e-01 6.984628804686393577e-01 8.688184895366768412e-01
2.321928094887362182e+00 1.782908249720720040e+00 9.838221789905627901e-01 6.423121840624093082e-01 2.226326400413627393e-01 3.966002646638489004e-01 8.231975267179165723e-01 5.234298672861449342e-01 6.822672972174415040e-01 1.015421230955221965e+00
2.321928094887362182e+00 1.832047595838452558e+00 9.882200367621047921e-01 7.039535331837850629e-01 2.380741080688100753e-01 2.943033636403309949e-01 3.937638382203862419e-01 1.087499735082999130e+00 7.382794666059598887e-01 6.767300501383965994e-01
2.321928094887362182e+00 1.537899578269662726e+00 1.094815760287045414e+00 6.199041902982124208e-01 7.356139026377127577e-01 5.831348692374225262e-01 6.068673507288420144e-01 5.981335362383864984e-01 8.976417037403163768e-01 7.534389672473174038e-01
2.321928094887362182e+00 1.532206776982506291e+00 1.063149141794348607e+00 6.053675685046954191e-01 7.712265964160207599e-01 3.420852470884203633e-01 3.845907899951840347e-01 3.559977772844187816e-01 9.227750254827007392e-01 8.362065644613522197e-01
2.321928094887362182e+00 1.484808444260968585e+00 1.139656166984228891e+00 6.225312815358210461e-01 2.472770611598522628e-01 3.312988756805897994e-01 6.336384817173473794e-01 5.450548103723003024e-01 7.347864178842617999e-01 6.793569184986864018e-01
2.321928094887362182e+00 1.478964980091729053e+00 1.145047372371450045e+00 1.071774273207970030e+00 2.906056823823684465e-01 2.938987410611573203e-01 3.659585064975606761e-01 8.818439158299495872e-01 6.888427179692795388e-01 7.875912729829512848e-01
2.321928094887362182e+00 1.542013376184921958e+00 1.215831872417578285e+00 6.927425861441844912e-01 1.959173200220727107e-01 3.040302217697748444e-01 8.775792002384869006e-01 4.583539473048555690e-01 5.976330989568104934e-01 6.687430191665610923e-01
2.321928094887362182e+00 1.545834855284118348e+00 1.206356983228416890e+00 5.316868436779912388e-01 2.085974989626375176e-01 3.997102752074832011e-01 4.602245882314953129e-01 9.526733730102595610e-01 8.656350025399556225e-01 8.877147506420296486e-01
2.321928094887362182e+00 1.518586487441731858e+00 1.104935650709132799e+00 6.441679379810248962e-01 6.898370844138265179e-01 4.242417166963342590e-01 5.002501524215067219e-01 8.906612350967293423e-01 7.425042071273568745e-01 8.874051574445918078e-01
2.321928094887362182e+00 1.546293211694062197e+00 1.168620637306968080e+00 6.286781088864036304e-01 7.479717379611571237e-01 7.684370277953677109e-01 5.950089088830736728e-01 5.345854387857223999e-01 7.815527101802676180e-01 5.849088269883604418e-01
2.321928094887362182e+00 1.537768755133545495e+00 1.060668072798169215e+00 5.744353231679802940e-01 2.880388822338774135e-01 3.993833288436979823e-01 5.030942523500989694e-01 4.358268096239614198e-01 5.277289766411042971e-01 9.620163030654864667e-01
2.321928094887362182e+00 1.618410438425256448e+00 1.036338711822626157e+00 5.862983308943267025e-01 2.148988017295584696e-01 3.417311780821776779e-01 5.046145723852411002e-01 5.300542602389475277e-01 6.076309054688010525e-01 1.101218533300751812e+00
2.321928094887362182e+00 1.709509114564771171e+00 1.080165692040534253e+00 6.271623266646615402e-01 8.577280681644519067e-01 3.351648606519510021e-01 4.177839326413421706e-01 5.517699487284065674e-01 8.338063178380343832e-01 7.983317259919597841e-01
2.321928094887362182e+00 1.532557445735561741e+00 1.050971339834112062e+00 7.355926734885294138e-01 7.893009691640877623e-01 3.742962477936191967e-01 3.324086517556366083e-01 1.022223276383262380e+00 8.186866341968167538e-01 6.877234857360395859e-01
2.321928094887362182e+00 1.483586480236874339e+00 1.060956606435590199e+00 7.171880168221347329e-01 2.236477909899264038e-01 6.041107365854465616e-01 4.312462585018445038e-01 3.145602088907570870e-01 5.983111247308894320e-01 6.816692995095565699e-01
2.321928094887362182e+00 1.507462965068357086e+00 1.039199291639195666e+00 7.582251512353794798e-01 6.417051082055308386e-01 3.143266498052191826e-01 3.594883589711743710e-01 5.898637234075748692e-01 7.281071115888957390e-01 6.947279540512304452e-01
2.321928094887362182e+00 1.648160437842209891e+00 1.193401758815257896e+00 8.192730567049502088e-01 6.395450825472449585e-01 7.300031661361159330e-01 8.214112807629164736e-01 6.341317549906788642e-01 8.093942760100349965e-01 6.834987036337848432e-01
2.321928094887362182e+00 1.530686329572813698e+00 1.023643300413384472e+00 8.192457927006560059e-01 6.984827678582357091e-01 6.163991594165573185e-01 6.445140431222187161e-01 4.063278772212906009e-01 6.606567115925827682e-01 6.669981098444217604e-01
2.321928094887362182e+00 1.712004324393533672e+00 1.155879162439754193e+00 1.154345430226304536e+00 2.487671589320193943e-01 3.539849028448615043e-01 4.162852508194687107e-01 4.477025896215885981e-01 1.002907663792358850e+00 6.150258561765187260e-01
2.321928094887362182e+00 1.530815001285903643e+00 9.861898277647931366e-01 6.711146836091651524e-01 2.957457423455538970e-01 3.000715270239097676e-01 4.082631804329665548e-01 7.769729873260012853e-01 5.294565174804976015e-01 6.640480945681072056e-01
2.321928094887362182e+00 1.535296804344688404e+00 1.012448373609355023e+00 6.678889815349534631e-01 2.191797311029202999e-01 3.349838536117773491e-01 4.694455206992239615e-01 9.114688732287660189e-01 6.952402207879944118e-01 5.499892180476826375e-01
2.321928094887362182e+00 1.473038704728054205e+00 1.070088526814624075e+00 5.721762601977461449e-01 6.616561765505363235e-01 3.186131837379538312e-01 7.307860309493928730e-01 4.663531134715294679e-01 5.973039353813424102e-01 7.087894721096048567e-01
2.321928094887362182e+00 1.534285580138242455e+00 1.028770966247199992e+00 6.961032554997562682e-01 7.533900436152529689e-01 3.730674593483602197e-01 3.381501974488641538e-01 3.983234298608702151e-01 7.424486043323191842e-01 7.990760323363464979e-01
2.321928094887362182e+00 1.532557445735561741e+00 1.044215822606919364e+00 6.094279088584146908e-01 6.496704271575108880e-01 8.041331546607040082e-01 4.138865937860590760e-01 5.246448756249827428e-01 6.116338913281027523e-01 8.103407168529862536e-01
2.321928094887362182e+00 1.488081890494832749e+00 1.028405535646114144e+00 7.027111999514914498e-01 7.996578403458338702e-01 5.247862153708060529e-01 5.113654249109841343e-01 5.797685586404283109e-01 5.646738952160426095e-01 7.575464864268002252e-01
2.321928094887362182e+00 1.795086323338242362e+00 9.948215453691595656e-01 6.994660726784620586e-01 1.954746596221651478e-01 3.190102370445224156e-01 3.831343169217867328e-01 5.225355998596697971e-01 6.345396770885889381e-01 9.381677021315428799e-01
2.321928094887362182e+00 1.821292183816134225e+00 1.107366085508678211e+00 6.847935868953139993e-01 6.971467805826769837e-01 3.310451469157025262e-01 3.944242969417662836e-01 4.200096323986179381e-01 7.602956826772265808e-01 7.065675513762532667e-01
2.321928094887362182e+00 1.505357703094150068e+00 1.256548367294523461e+00 5.140972434762351995e-01 2.800899108018728434e-01 3.827531103537313850e-01 4.602446408582092641e-01 4.387709904416108864e-01 5.857102482773878238e-01 8.318067625960572364e-01
2.321928094887362182e+00 1.511218735600873275e+00 1.039151012514422323e+00 7.025889400817459940e-01 6.830751188223798120e-01 7.784052203166286210e-01 4.740845049946281198e-01 6.044380310740665729e-01 6.949956152970031553e-01 6.439153678944878889e-01
2.321928094887362182e+00 1.494612223205527002e+00 1.152612605003566548e+00 6.612974387120923447e-01 2.287844595880717258e-01 4.291380697886069129e-01 4.540171150283743851e-01 7.281346220708146966e-01 6.878181034836756691e-01 9.133313770996780434e-01
2.321928094887362182e+00 1.521786407481804826e+00 1.204322727029395468e+00 6.325237003885932907e-01 2.834041551721868113e-01 4.115105874472605452e-01 4.452404978092012744e-01 3.715782020709320621e-01 5.634368542919565570e-01 6.364252723535692713e-01
2.321928094887362182e+00 1.488727901255125330e+00 1.053494072976428608e+00 6.981440765571442775e-01 2.919855006233157968e-01 8.443658773439766119e-01 8.077922742996055394e-01 5.321221436441920805e-01 1.081962510828529789e+00 8.178917153403766349e-01
2.321928094887362182e+00 1.538431909049587931e+00 1.028533102109615793e+00 6.138421647780765156e-01 2.036678217652245770e-01 3.642447433908636567e-01 6.439719276392354974e-01 7.068174680570209478e-01 9.092860608795607646e-01 8.555487510516744942e-01
2.321928094887362182e+00 1.538431909049587931e+00 1.049255398020726648e+00 6.768180042845332034e-01 7.369136207542377193e-01 8.685134436210697473e-01 2.574952233245249578e-01 4.868034370665875188e-01 8.278338385227289598e-01 6.436447280957412476e-01
2.321928094887362182e+00 1.692044020606490839e+00 1.024871626574997086e+00 6.374777182222657324e-01 2.022108141851532148e-01 5.265301138040232587e-01 3.016056723471466361e-01 1.038727787589517337e+00 5.804946650512993189e-01 8.324343796989408517e-01
2.321928094887362182e+00 1.508844426228949986e+00 1.128983613784887430e+00 6.849807184104104163e-01 2.584366535856882918e-01 5.001459358900369745e-01 4.653934879412102710e-01 5.530326373724249178e-01 5.673844774303156147e-01 7.618797744827250362e-01
2.321928094887362182e+00 1.539995892177795866e+00 9.929439722088190257e-01 5.946072626368172909e-01 7.425666040119628386e-01 3.107429069315239545e-01 5.651644664244689364e-01 5.329387213717518001e-01 6.283324828083967084e-01 5.554482123236504920e-01
2.321928094887362182e+00 1.604182275290717996e+00 1.058945224964472853e+00 6.926407850993616666e-01 1.951188705000317658e-01 7.737295731160237500e-01 4.555404703601792504e-01 5.758382463448434851e-01 5.678541577443557697e-01 7.778909674643958994e-01
2.321928094887362182e+00 1.526654585627539973e+00 1.053226473332061985e+00 5.948554522647325760e-01 3.233202928881976912e-01 7.908695782995311951e-01 4.878465995584159165e-01 9.708512677636281785e-01 6.985234652044152170e-01 7.762375943163195569e-01
2.321928094887362182e+00 1.740540805646568101e+00 1.055656804252563141e+00 6.190183812626351978e-01 7.043210877622787525e-01 3.506623589872818192e-01 8.275972107490041640e-01 5.733303195802783581e-01 4.779548684771148803e-01 7.497598348869518592e-01
2.321928094887362182e+00 1.503821783464462936e+00 1.131409507399462999e+00 6.814219584113884176e-01 1.980169226693365703e-01 8.278800217291654162e-01 9.827044375189991632e-01 4.588572485163072701e-01 5.782361365115569196e-01 7.663685009701617368e-01
2.321928094887362182e+00 1.535296804344688404e+00 1.016750661160170210e+00 5.802830078110545742e-01 2.373023319337864701e-01 4.246345161063014295e-01 4.567182974002148566e-01 5.979409256847956211e-01 9.821121551933413851e-01 6.537448833311735319e-01
2.321928094887362182e+00 1.543768134317742069e+00 1.123603289899036239e+00 6.227364737302263364e-01 2.340706430810342575e-01 3.299642143436963271e-01 6.068348799628214829e-01 5.093409311827479247e-01 7.440316301174224600e-01 6.518250575398718549e-01
2.321928094887362182e+00 1.494799550785465003e+00 1.170585096616972409e+00 6.491287068035165309e-01 2.996638717843675970e-01 3.565242797689394672e-01 7.141872735942248474e-01 6.847180923085569582e-01 6.596189996780349452e-01 6.761386010899108623e-01
2.321928094887362182e+00 1.524210826058501667e+00 1.107272787388873025e+00 6.311977690222787540e-01 6.765640972652653407e-01 8.157262432187821766e-01 8.070971600905680887e-01 6.714335259128896283e-01 4.906861582621645512e-01 5.570965486560719437e-01
2.321928094887362182e+00 1.653155295166002681e+00 1.061419123573830836e+00 6.661806025461315395e-01 6.708560437811269539e-01 3.643630357664035535e-01 5.457940737802745579e-01 4.272278961801353470e-01 8.333782866088054186e-01 7.132736919723158264e-01
2.321928094887362182e+00 1.726168831602278519e+00 1.045207260590909959e+00 5.980701633681594354e-01 2.141225596991386815e-01 4.961360707294120709e-01 3.962808213586578865e-01 8.587203794964919368e-01 6.892186050190154400e-01 6.703936061240338695e-01
2.321928094887362182e+00 1.607406125073705283e+00 1.179037102120929159e+00 6.217367623111527131e-01 2.451047639382973875e-01 3.688016357601499040e-01 2.993579972723127702e-01 4.396401320129662560e-01 1.040434568913821911e+00 7.628008478539720638e-01
2.321928094887362182e+00 1.630083620291680191e+00 1.060655801258370445e+00 6.188928788616654408e-01 8.553245434354225241e-01 3.264273900286416286e-01 5.577628768193897413e-01 8.620556770200543673e-01 4.497418387637026060e-01 9.487640719397574252e-01
2.321928094887362182e+00 1.505357703094150068e+00 1.060747264327912998e+00 6.451137726974147668e-01 2.352785870437506255e-01 2.947608774704644219e-01 7.744453219293203627e-01 7.936171426241914739e-01 4.728613664218169754e-01 7.657075085834401662e-01
2.321928094887362182e+00 1.538479889956948732e+00 1.132644439934230363e+00 6.560368084829468760e-01 2.752785573546798203e-01 4.125949649289852861e-01 4.109537511710236179e-01 6.193587346257547477e-01 5.092709560349303333e-01 9.155600976893489840e-01
2.321928094887362182e+00 1.530355137940161203e+00 1.011727626000742397e+00 6.025825525471053545e-01 6.801450363249134101e-01 3.536210341617304076e-01 2.475824053297350780e-01 5.378642721729585130e-01 5.075787110008521674e-01 7.273047857038683617e-01
2.321928094887362182e+00 1.501274817181261767e+00 1.057021269455066470e+00 5.592443113886550465e-01 3.316720078349096323e-01 3.599032517600397330e-01 5.058351660790552096e-01 7.230502341416008560e-01 5.928533496630125077e-01 7.550969029162992729e-01
2.321928094887362182e+00 1.493303871757747370e+00 1.043927474972602187e+00 6.644574058908887526e-01 6.510132897770667393e-01 3.482559593819668509e-01 4.996953456365952340e-01 9.064620489243464529e-01 5.674560813745622712e-01 9.171920525662352608e-01
2.321928094887362182e+00 1.603830014430741358e+00 1.132302494421501882e+00 6.675231472931875132e-01 2.249967476856095661e-01 2.555804818686004398e-01 3.421467560083287784e-01 5.782142085206721793e-01 6.281410191536057619e-01 9.755064272201912079e-01
2.321928094887362182e+00 1.670292726545507422e+00 1.016352525245766358e+00 6.070763004352347503e-01 2.778879580907051561e-01 2.730001797609378222e-01 4.465914573189758707e-01 4.916183527170387979e-01 6.107401651980726154e-01 7.891668647125260616e-01
2.321928094887362182e+00 1.622894832305160406e+00 1.029748508153643272e+00 5.753110263211087538e-01 1.722724497989396863e-01 3.794282237108869693e-01 4.447083619725845094e-01 3.969198572877967179e-01 6.353990474904559482e-01 8.077470367292963749e-01
2.321928094887362182e+00 1.543768134317742069e+00 1.048363453923582655e+00 7.248853118406528573e-01 2.111231107639844895e-01 3.100626143262079082e-01 8.704365118307422211e-01 8.747143637761747303e-01 8.610818271914066901e-01 6.726063460264777305e-01
2.321928094887362182e+00 1.527049332739455201e+00 1.072051644146662985e+00 6.729459551667457129e-01 2.294714881477392665e-01 3.701981549857621956e-01 5.627485400576247576e-01 6.073458461779359663e-01 5.259995569639240864e-01 7.135439409715401693e-01
2.321928094887362182e+00 1.529875253544465075e+00 1.130439612887017109e+00 1.131588365269078356e+00 3.006336586512473041e-01 3.220508765263362938e-01 6.325407453206871589e-01 5.265411889746359764e-01 8.259963587878565994e-01 7.797174628786054384e-01
2.321928094887362182e+00 1.483453767199079731e+00 1.104285805200832415e+00 6.221181829764017568e-01 2.440716978324338204e-01 3.098798880766932551e-01 7.050116397688636072e-01 7.473040993655081232e-01 3.989582000678080220e-01 6.758774683037376274e-01
2.321928094887362182e+00 1.518916697330215948e+00 1.043206364298114197e+00 6.769413799855097391e-01 1.633197024799285246e-01 8.965414584869729753e-01 5.195608665135152959e-01 7.791573380521724657e-01 8.688011728089006791e-01 7.561968557942889690e-01
2.321928094887362182e+00 1.506477221695885715e+00 1.056847947361242213e+00 6.433970038803036307e-01 1.972680621652726507e-01 3.072791479220915445e-01 1.000594350180322945e+00 5.711354373506627446e-01 7.364151818272394179e-01 6.467134728470957938e-01
2.321928094887362182e+00 1.512996702522563908e+00 1.028509931102976616e+00 6.628404017160379746e-01 7.758375506045978032e-01 3.078197218135421687e-01 4.760012246302730565e-01 8.078596196968329535e-01 5.939533155656381291e-01 8.691308464438791681e-01
2.321928094887362182e+00 1.529948760841559174e+00 1.138907482022964990e+00 6.183039205059230881e-01 1.756343106718092906e-01 4.639706943817669682e-01 4.950155882343793001e-01 6.408087806750364379e-01 7.013304214261965042e-01 8.594719177929599496e-01
2.321928094887362182e+00 1.782547925297587987e+00 1.220093345313325583e+00 6.780945062004661850e-01 2.859916908996976148e-01 2.444503656962033200e-01 3.916332305138063852e-01 5.712645677610975747e-01 7.950794815491883938e-01 6.386785917049101480e-01
2.321928094887362182e+00 1.535296804344688404e+00 1.160319313550437048e+00 6.326557948825995981e-01 2.606514986780937293e-01 3.145468943101172310e-01 3.756203103494144546e-01 5.362208345358044914e-01 8.100307481477759808e-01 7.597230201024846030e-01
2.321928094887362182e+00 1.543768134317742069e+00 1.099706959844188203e+00 6.180648905772327950e-01 6.582826185715118239e-01 7.303150907743442000e-01 4.931692522558160374e-01 4.285876812899884203e-01 4.935656401127855308e-01 6.033975165723833856e-01
2.321928094887362182e+00 1.634678443817665361e+00 1.055505587150134428e+00 6.478023994515113015e-01 2.557572107197265687e-01 7.957642072122171895e-01 7.992181367478107257e-01 8.343049812022440559e-01 7.757972813362737918e-01 7.901136706279744404e-01
2.321928094887362182e+00 1.521829040376990960e+00 1.035904521744881013e+00 6.349330443017691117e-01 1.852515461170263222e-01 3.182158581476737802e-01 5.624492024013244551e-01 8.539511781306887706e-01 5.794318830151033994e-01 5.781995660200189846e-01
2.321928094887362182e+00 1.518730339908467064e+00 1.045421252836321369e+00 6.382985607092649394e-01 2.557136909789142765e-01 4.649189968311500110e-01 5.249846550939091250e-01 9.480830087756806357e-01 7.670086899561483484e-01 6.136526564419179097e-01
2.321928094887362182e+00 1.516282589801873915e+00 1.131753702454527666e+00 6.399758770440373556e-01 2.782061938195292128e-01 5.839069537061477577e-01 4.452484142102556275e-01 5.141760783986115690e-01 8.333371756848401146e-01 9.553043084858813261e-01
2.321928094887362182e+00 1.617442428669497723e+00 1.139710773340966599e+00 7.025239075290385937e-01 2.830118156760949022e-01 2.671627084941395336e-01 7.082336997097964382e-01 6.080768978983239759e-01 1.041254826502775899e+00 5.508857761743158887e-01
