2.321928094887362182e+00 1.449870243708420769e+00 9.680127631163997215e-01 6.435702407211751908e-01 1.645837844711484088e-01 2.795173969677632320e-01 3.406894301128153280e-01 5.532178041400996893e-01 7.752037657803642068e-01 6.548946236920873964e-01
2.321928094887362182e+00 1.492664508222467212e+00 1.136886817456029153e+00 7.063869651475861433e-01 7.765708465658174298e-01 2.936574008883511833e-01 4.490589184578822612e-01 4.405012559752092827e-01 3.573535545673758862e-01 6.175436709052807283e-01
2.321928094887362182e+00 1.553157913229195941e+00 1.007332760046023568e+00 6.085135785445939804e-01 6.106344571728379300e-01 7.792545056607499410e-01 7.412523687252635662e-01 5.430420522622990687e-01 5.666939042716675479e-01 6.118377350302472983e-01
2.321928094887362182e+00 1.472589393625640231e+00 9.239941485824967327e-01 6.089788484494887966e-01 6.912310559406933397e-01 3.291713376023360782e-01 3.528153108532183779e-01 4.447324216629868765e-01 5.473386195883301886e-01 8.412944958238049997e-01
2.321928094887362182e+00 1.652523796255745303e+00 1.077210912931919173e+00 5.754143575877463945e-01 2.237895716770547938e-01 3.881885134290707917e-01 4.505743108916980266e-01 5.646541432556942963e-01 9.901755478775311481e-01 6.718667923337839909e-01
2.321928094887362182e+00 1.606436505036028306e+00 9.680993068575178828e-01 6.163358820389441828e-01 2.181046198831974869e-01 3.627064735209364899e-01 4.279326712012711531e-01 8.989569271523060179e-01 7.461798786840483366e-01 6.777336771912532143e-01
2.321928094887362182e+00 1.490833168621928273e+00 9.720584798760036893e-01 5.536300212557813127e-01 2.274331036195860745e-01 2.973428972246011104e-01 4.688794791919554950e-01 5.223340161038220186e-01 6.371961300799802164e-01 7.054615062070015430e-01
2.321928094887362182e+00 1.522735629474331720e+00 1.053449132234796970e+00 7.075991218896697799e-01 2.343050444972157864e-01 3.453277105641576195e-01 4.764792988714491861e-01 4.811597265734832707e-01 7.304316137259676545e-01 1.050301855612002289e+00
2.321928094887362182e+00 1.516940373353151905e+00 1.132512697914252353e+00 6.292192684588149287e-01 6.968537890150737768e-01 2.721474811776523062e-01 3.882772919618093788e-01 4.757169113349890566e-01 4.657839660454718977e-01 7.659729766488885261e-01
2.321928094887362182e+00 1.514574496510296520e+00 1.059638564528078364e+00 6.544663525329899034e-01 2.386354468643192561e-01 3.908189132422199563e-01 4.139971741278614670e-01 4.167659570748539211e-01 5.378048364326734054e-01 6.661167882544926089e-01
2.321928094887362182e+00 1.484828726353258022e+00 9.820713511531794504e-01 5.766911168563947365e-01 1.559082745004914949e-01 3.006013956498875817e-01 2.601649992318825211e-01 3.591890172152115701e-01 7.299422572429782319e-01 6.840868277798562991e-01
2.321928094887362182e+00 1.498702878208753697e+00 1.169560186914877509e+00 6.228442443959485431e-01 2.176235825597301610e-01 3.920157897453069862e-01 4.616614002384366588e-01 5.394421218876150892e-01 1.010996687116051840e+00 6.750211819637734756e-01
2.321928094887362182e+00 1.629661171881072956e+00 1.041300255148827292e+00 6.194107246024651570e-01 2.456605732675875564e-01 2.611193205251501892e-01 8.740583126895681287e-01 8.167106865372274482e-01 7.663113543785821102e-01 5.839377980379099053e-01
2.321928094887362182e+00 1.563382403986674163e+00 1.153767028680925844e+00 6.111861670943750102e-01 7.186366746273019634e-01 7.973559945326608167e-01 4.029977750234863820e-01 5.933650923439230951e-01 5.608727770320569572e-01 7.002541816594906043e-01
2.321928094887362182e+00 1.472475479665707798e+00 1.019758431023242151e+00 6.234303706725559113e-01 2.442147100469128362e-01 3.845291394890577030e-01 4.151638436090513418e-01 6.114713816264684132e-01 6.057758170900340300e-01 5.831729229607343079e-01
2.321928094887362182e+00 1.509658478261051595e+00 1.006408775423462520e+00 7.361626786734170036e-01 1.959518697608978455e-01 2.880071478151398079e-01 3.736073477206636739e-01 4.797074770393529031e-01 5.385885941453817383e-01 5.371519608737651552e-01
2.321928094887362182e+00 1.473800878599784259e+00 9.756213730965750397e-01 5.759533197632760171e-01 1.340799715644817036e-01 3.097288817456865795e-01 3.509523241996923004e-01 3.633444606979195357e-01 5.142674099700494939e-01 6.867077711464971701e-01
2.321928094887362182e+00 1.473957497475056000e+00 9.692727653640290653e-01 5.970309971416301043e-01 1.846992992579493120e-01 3.164491789605664018e-01 4.673803942574311088e-01 4.657704995579174945e-01 3.978106298379569528e-01 4.881880234923413608e-01
2.321928094887362182e+00 1.500598683572139436e+00 9.662766532809664577e-01 6.273290889674817405e-01 6.331220402041706219e-01 2.749427204080603926e-01 3.890363828662821155e-01 7.908775061148949348e-01 4.655011298498862304e-01 6.044987867155731109e-01
2.321928094887362182e+00 1.489103711615087366e+00 9.988964268614982656e-01 6.809436425120829472e-01 2.331172443937350458e-01 2.917546008695094950e-01 2.912136092868948811e-01 4.389365574325854724e-01 5.598403679158638901e-01 7.014213401609411536e-01
2.321928094887362182e+00 1.746130202113312935e+00 9.747795093176139236e-01 5.313353449902150638e-01 1.577629012306069334e-01 2.511749107989333374e-01 3.416160625043449528e-01 4.432053553198467277e-01 4.871370847402062276e-01 6.141974637444664875e-01
2.321928094887362182e+00 1.791051377137285128e+00 1.121617379508926371e+00 6.585802088235492846e-01 2.487923852815832337e-01 7.362323770933658640e-01 4.181225743113254900e-01 4.508316625881006456e-01 5.654129596441274108e-01 6.855485349727549194e-01
2.321928094887362182e+00 1.480566585398172208e+00 1.025936904968774099e+00 6.077492574841057982e-01 8.747064923878463683e-01 3.048442775308108921e-01 3.139150246448195736e-01 5.081445721528334847e-01 7.344409589755936940e-01 5.191790611278246370e-01
2.321928094887362182e+00 1.528840939230706963e+00 1.049523067952134348e+00 5.729852872677856368e-01 7.383631853881394980e-01 2.920520310267917807e-01 4.413506849158065903e-01 5.373487985238943887e-01 6.264741090939240920e-01 6.111866783448430818e-01
2.321928094887362182e+00 1.447670266547395945e+00 1.086838561434521289e+00 6.444281535311126019e-01 1.359914629427970145e-01 7.965847363403932846e-01 3.696778196851386866e-01 4.138828754058881398e-01 5.274662832067790186e-01 4.898685924767978150e-01
2.321928094887362182e+00 1.828949793543633184e+00 1.151605118678352468e+00 6.042475923321524167e-01 6.654494955005576529e-01 3.245540645945336200e-01 7.546138786849558855e-01 4.935090906638804897e-01 6.866957807026754512e-01 5.971711888002994018e-01
2.321928094887362182e+00 1.733973733161580766e+00 1.017352087677285244e+00 5.552142858224151656e-01 1.571368864768875606e-01 6.471902395448710932e-01 4.340838554429315987e-01 4.735202918617217316e-01 3.682041225263612549e-01 6.436203346372185718e-01
2.321928094887362182e+00 1.506073837110603275e+00 1.084160289232841468e+00 7.540572211174275674e-01 8.771971707343586555e-01 3.121065608886014475e-01 4.170355204750326172e-01 4.812512210674697588e-01 5.872050995582449584e-01 7.222945648612373315e-01
2.321928094887362182e+00 1.484159651308716965e+00 1.095370461190494193e+00 5.982842618221486664e-01 1.951579159864804125e-01 2.382507957998761250e-01 9.112772748321036342e-01 5.369771099819825588e-01 4.943147545101033713e-01 6.182904518217177126e-01
2.321928094887362182e+00 1.482368382249932282e+00 9.710479779861269645e-01 5.353180553799458119e-01 1.720898774718235547e-01 1.916892388940149572e-01 3.455588512244143762e-01 5.783610559780580918e-01 9.611343639575070652e-01 6.469572956669773500e-01
2.321928094887362182e+00 1.444989136916248196e+00 1.011908529535471279e+00 6.249764529022092674e-01 2.197987950492532594e-01 2.452550120143089096e-01 3.487381553779536070e-01 6.582096793637880472e-01 6.625197807116600668e-01 5.246036924291909154e-01
2.321928094887362182e+00 1.534951686033465545e+00 8.994336398408906419e-01 5.492813363919526459e-01 1.484424733057768675e-01 2.880605842971620256e-01 3.558833628184063791e-01 4.134895333278311158e-01 8.975455481814674785e-01 7.661155694229413449e-01
2.321928094887362182e+00 1.495335393687503567e+00 1.073675642735289149e+00 6.547174320978903506e-01 6.898837079408963735e-01 3.039296135917191610e-01 3.660911060755746016e-01 4.182845044445959171e-01 5.922360769583627782e-01 7.884671833802470164e-01
2.321928094887362182e+00 1.607611106902588904e+00 9.456000431567893605e-01 5.525878213107173753e-01 6.387772698153707518e-01 2.601087575978505151e-01 2.860928418928393446e-01 5.136537873751488847e-01 7.615719972387122727e-01 7.904441213708777170e-01
2.321928094887362182e+00 1.623626858426838959e+00 1.206344462045294108e+00 6.730165935574525804e-01 2.275033779975280113e-01 3.306207869994253756e-01 3.172780756879776676e-01 5.259716773991167660e-01 6.489994458872001548e-01 7.345828939817421466e-01
2.321928094887362182e+00 1.499011170490709421e+00 1.000810267747265447e+00 6.869288459170594940e-01 6.423062053233166147e-01 2.678836948743300028e-01 5.698175368378726180e-01 8.796768348231455148e-01 8.341897963565267915e-01 6.623644458461994677e-01
2.321928094887362182e+00 1.524308948340411085e+00 1.020600569188401252e+00 6.149201394571418566e-01 5.473964212196722467e-01 2.951052533285045687e-01 3.787253101698479507e-01 6.145798657111086749e-01 4.104676357681189547e-01 6.407692951435247641e-01
2.321928094887362182e+00 1.876216659591094515e+00 1.098266645137237818e+00 6.749700256947142041e-01 1.375364222837290595e-01 2.013394463011910773e-01 2.107511643182318761e-01 3.416842191076714941e-01 4.509499663706977302e-01 5.878270741114689502e-01
2.321928094887362182e+00 1.487119112880903593e+00 1.074773565591469637e+00 5.955753009265409847e-01 2.021181715016834857e-01 3.904775747555356280e-01 4.792550017266219431e-01 7.974540813457735577e-01 6.279205349213331511e-01 8.684754384232001856e-01
2.321928094887362182e+00 1.625601578852788665e+00 1.089803047399826363e+00 5.928408982810734473e-01 7.451295737047496370e-01 3.180627020472902022e-01 4.625941247194775841e-01 4.995500314189546542e-01 9.431849253695268054e-01 5.886829256436167945e-01
2.321928094887362182e+00 1.508812494549407690e+00 9.982673515398843289e-01 7.226199930098741175e-01 2.077138638724289055e-01 3.585786971945453816e-01 3.649548817241095033e-01 5.107578191886421592e-01 5.099582665902920864e-01 6.749219210313878170e-01
2.321928094887362182e+00 1.517902376744549420e+00 1.064356008696651035e+00 5.335042612509289794e-01 2.286175623328061679e-01 3.560619023639213232e-01 5.272327315147837812e-01 8.682920873724466748e-01 6.228424619315452437e-01 6.485519035086593220e-01
2.321928094887362182e+00 1.502362498716792727e+00 1.020161663510777306e+00 6.705775570026878407e-01 7.512845242648547028e-01 2.402848101469152453e-01 2.986063131372789781e-01 7.189900191364479998e-01 6.320025982171008083e-01 5.772874542979821166e-01
2.321928094887362182e+00 1.526062381037168736e+00 9.539980845901313566e-01 5.759584410041002078e-01 1.884875464946620949e-01 3.533717456964605153e-01 5.193768017176483287e-01 5.402825894217712088e-01 8.378065128239482462e-01 7.095500131771228514e-01
2.321928094887362182e+00 1.535479343703184174e+00 1.097242896857835603e+00 7.133840891521465721e-01 6.458032135168961796e-01 8.370940831041659980e-01 3.874624839932144238e-01 5.770731555767265597e-01 9.894892358567047852e-01 7.103945295678925076e-01
2.321928094887362182e+00 1.482992257644821787e+00 9.286037840926475440e-01 6.290484560353559740e-01 7.143392861921448178e-01 6.526481942560266036e-01 7.304151574037258676e-01 5.395826603916137332e-01 8.519891024245133115e-01 4.958610333456926478e-01
2.321928094887362182e+00 1.505800500697925148e+00 1.222758221436719861e+00 7.458674759187284842e-01 2.679555770984974328e-01 3.596213393187234209e-01 3.690811026691422914e-01 4.998998397121127146e-01 5.463047783182360950e-01 6.119430257676630180e-01
2.321928094887362182e+00 1.805411356786392085e+00 1.109278524496997376e+00 5.911364216995301790e-01 2.263795552417310897e-01 3.869146870523590964e-01 7.846601352181796774e-01 6.102961977854571840e-01 5.873641049122225732e-01 6.400899983660263137e-01
2.321928094887362182e+00 1.508154877563785412e+00 1.021281697352658613e+00 6.225357914531274295e-01 1.882575792619656796e-01 3.089215367748500696e-01 4.567656443907969765e-01 4.885707191593680054e-01 6.351286713305531739e-01 5.899395527266734218e-01
2.321928094887362182e+00 1.493256025499676731e+00 1.048515855114085404e+00 6.086791820005807985e-01 2.246140786918381094e-01 7.632183750649156329e-01 3.138250318328424382e-01 8.121020988048345268e-01 5.750036757061905979e-01 6.540300387363524592e-01
2.321928094887362182e+00 1.459929666108488178e+00 1.045694675597014678e+00 6.081867131882813249e-01 2.322738409702420626e-01 3.060370758638280009e-01 3.544505632761326130e-01 4.743936975225351294e-01 5.733726904871599972e-01 5.320395440679062116e-01
2.321928094887362182e+00 1.445856854461345042e+00 1.065511998792179504e+00 5.992176213889832681e-01 1.591617716310451125e-01 3.352994085454544249e-01 7.779403498899554181e-01 3.462252882216483307e-01 7.498771480235036924e-01 1.099267517256685700e+00
2.321928094887362182e+00 1.487775969854366220e+00 1.030361865723872228e+00 6.629228626769908539e-01 2.379655084247080943e-01 2.466254148316324168e-01 3.818361606200527114e-01 8.484056606621651619e-01 5.478139646840523014e-01 6.472594383213952085e-01
2.321928094887362182e+00 1.501596401395321578e+00 1.222374440526653228e+00 5.417665799910204028e-01 6.784093202894634356e-01 7.142898684995628855e-01 3.640353262976184778e-01 8.092019277684049383e-01 6.089989057009743689e-01 8.000891880989876581e-01
2.321928094887362182e+00 1.499654839196120637e+00 1.106419205407570105e+00 6.946384646575284316e-01 2.168470062192764947e-01 2.759622928341972092e-01 4.421933257888073232e-01 7.728218603285244015e-01 7.116959905796287345e-01 7.127038345716467660e-01
2.321928094887362182e+00 1.492939907033448588e+00 1.048333773742582409e+00 5.987581996778692517e-01 2.672377497696843962e-01 2.718388329027392469e-01 4.070693338371434988e-01 3.852477028472075515e-01 4.700030400424031196e-01 6.564326914170176552e-01
2.321928094887362182e+00 1.651626552104994650e+00 9.809989642347917149e-01 5.679864220135196762e-01 1.521638621080082798e-01 2.722791401869351091e-01 3.886553796251902004e-01 4.974115479424957020e-01 6.212754305872646432e-01 9.897006738039283436e-01
2.321928094887362182e+00 1.513376211503218549e+00 1.165230162076104303e+00 7.272811742508482613e-01 2.978649064184371031e-01 3.881257391887881214e-01 8.542228656527335318e-01 6.814382459819717797e-01 5.221006045540310669e-01 6.611744312514742372e-01
2.321928094887362182e+00 1.676050668767684382e+00 1.006662619777443313e+00 6.050860696140456518e-01 1.906127484553708229e-01 2.595521891962146444e-01 4.455755878285963534e-01 4.105611147543081207e-01 6.088549294185848781e-01 6.861603143375826219e-01
2.321928094887362182e+00 1.541081908173612680e+00 1.031849969949857559e+00 5.840219286781901387e-01 1.956184513518696988e-01 2.919203363584632616e-01 5.852831243330343103e-01 6.125696479420550400e-01 5.034323546647837544e-01 1.039392879995416852e+00
2.321928094887362182e+00 1.656322179880112433e+00 1.030058435087564783e+00 6.591468210296989039e-01 3.043670350709185568e-01 3.395493750025855295e-01 4.539137679750159249e-01 4.680278379886494422e-01 8.155752258136317323e-01 7.060281004360717816e-01
2.321928094887362182e+00 1.545700558060171481e+00 9.632566585179165308e-01 5.660786639206748516e-01 2.252388977015368499e-01 3.490041975939905394e-01 9.676859074630278501e-01 4.577897132979211747e-01 7.798072678181547923e-01 4.745721668004614369e-01
2.321928094887362182e+00 1.591722346926244480e+00 9.905702528097970472e-01 5.448841312379526514e-01 2.177462512798864769e-01 2.814506618441149910e-01 3.228075400722497657e-01 5.975801349192237932e-01 5.398254072722268315e-01 7.223357172831114115e-01
2.321928094887362182e+00 1.517703386521005227e+00 1.028515169305337595e+00 5.811109871872272015e-01 2.101230048063892353e-01 2.229084907277618099e-01 3.481000474573583414e-01 6.270647715678931977e-01 5.702059800875171058e-01 5.264553373970377592e-01
2.321928094887362182e+00 1.532068387480483018e+00 1.124938555881430213e+00 5.641195109117473905e-01 7.576350479305347108e-01 3.520164529165027978e-01 4.399239905688051566e-01 4.260312801830415386e-01 6.176450127457948636e-01 7.690510080398218484e-01
2.321928094887362182e+00 1.531072108050297587e+00 1.054032355350076999e+00 6.422804908502018906e-01 8.085705626900603349e-01 3.543263922055736037e-01 4.597192200483923297e-01 5.204982801756523614e-01 1.122373311287514053e+00 5.842847509870131573e-01
2.321928094887362182e+00 1.543366909813397303e+00 9.802345186731394877e-01 6.366567968416051437e-01 7.291478533831032838e-01 2.277754582213604717e-01 3.723851412759108803e-01 4.684896129556289091e-01 4.626403053282005517e-01 6.432242549791177266e-01
2.321928094887362182e+00 1.439787750380762343e+00 1.147518658853855067e+00 5.818585965828124706e-01 2.242221512293672281e-01 7.029839083270338351e-01 3.672603731467433130e-01 4.830829273379023681e-01 3.873228008563422975e-01 5.449558559168665717e-01
2.321928094887362182e+00 1.505257428542385201e+00 9.552964861367666538e-01 7.159851223800630660e-01 2.236434996175468426e-01 6.099536011134452096e-01 4.153778480585400557e-01 5.487952573234446962e-01 6.949303020616849347e-01 6.285676081092146372e-01
2.321928094887362182e+00 1.486691545211255461e+00 1.014460914693582794e+00 5.914488874106974547e-01 6.396281420172009735e-01 2.821871940826374270e-01 2.867588746260036903e-01 4.556483092897628540e-01 7.202394088798921290e-01 5.394925611758305539e-01
2.321928094887362182e+00 1.552009984264298925e+00 9.647191562214667560e-01 5.678458059821247517e-01 7.290393864509628896e-01 1.830834579336880208e-01 2.864100212041473248e-01 4.075388280500975013e-01 5.077676343652776092e-01 6.222546879966368572e-01
2.321928094887362182e+00 1.445669388966691837e+00 1.009953626982852848e+00 1.132880830051533838e+00 6.526774816437498350e-01 3.055593338264707137e-01 2.961926527452531932e-01 6.569434139224913372e-01 4.394987893270349000e-01 4.964544318071807405e-01
2.321928094887362182e+00 1.655890623312797905e+00 1.201411826685978790e+00 6.032517178148152359e-01 2.467609663772919459e-01 3.100912360959415803e-01 7.252771071848094220e-01 5.196286512613168540e-01 6.902365113514105088e-01 5.759440117216875210e-01
2.321928094887362182e+00 1.517642144695779738e+00 1.001083194965939338e+00 5.341759266799760431e-01 1.777173708747506187e-01 2.157393343438055722e-01 4.032786225557084547e-01 4.919826070084010183e-01 4.652124638121665767e-01 7.993109313507560376e-01
2.321928094887362182e+00 1.420104746160314457e+00 9.707186904717121090e-01 5.381503112734116190e-01 6.716259549374501425e-01 3.213828757399469493e-01 3.577963991839717139e-01 4.214971274748652297e-01 6.086173858367491807e-01 5.910569471040501011e-01
2.321928094887362182e+00 1.600031125329512305e+00 1.011187307868988139e+00 6.703160328021322556e-01 2.620673061574464446e-01 4.255843324513818304e-01 3.905620135944312121e-01 4.978753098539365762e-01 5.815239997918124626e-01 5.658993894772208488e-01
2.321928094887362182e+00 1.535185043390791648e+00 1.003393070967319112e+00 5.922659499763218705e-01 7.104423735872423817e-01 2.947696273677951062e-01 4.219315690845599764e-01 5.186138768514134689e-01 6.025078837331323545e-01 8.220535042264280889e-01
2.321928094887362182e+00 1.508833223130946699e+00 1.001802652285082695e+00 5.834591591286484302e-01 7.742101386723091450e-01 7.060449533094568242e-01 3.453617637025612197e-01 6.144117850991437368e-01 6.218927228524868678e-01 6.605193844503636225e-01
2.321928094887362182e+00 1.685474389510351001e+00 1.015205978598622494e+00 6.704211063690977968e-01 2.411044663440224944e-01 3.500679438453875303e-01 3.694701040397457281e-01 5.192813005991349096e-01 5.539062315357697885e-01 6.104646444876971056e-01
2.321928094887362182e+00 1.461537635961599468e+00 9.999122908052096026e-01 6.146151626895431930e-01 7.963380265808137626e-01 2.871952436686442400e-01 7.957474611747465953e-01 5.325528542151953815e-01 6.323964619136732690e-01 6.854612554047970763e-01
